16	1	120	100	160
0	99999
0	0	0	60	50	40	2	1	1	0	0
0	0	40	60	50	80	2	1	1	0	0
0	0	80	60	50	120	2	1	1	0	0
0	0	120	60	50	160	2	1	1	0	0
0	50	0	60	100	40	2	1	1	0	0
0	50	40	60	100	80	2	1	1	0	0
0	50	80	60	100	120	2	1	1	0	0
0	50	120	60	100	160	2	1	1	0	0
60	0	0	120	50	40	2	2	2	0	0
60	0	40	120	50	80	2	2	2	0	0
60	0	80	120	50	120	2	2	2	0	0
60	0	120	120	50	160	2	2	2	0	0
60	50	0	120	100	40	2	2	2	0	0
60	50	40	120	100	80	2	2	2	0	0
60	50	80	120	100	120	2	2	2	0	0
60	50	120	120	100	160	2	2	2	0	0
0	0	0	10	50	120	14	1	1	0	1
0	50	0	10	100	120	14	1	1	0	1
10	0	0	20	50	120	14	1	1	0	1
10	50	0	20	100	120	14	1	1	0	1
20	0	0	30	50	120	14	1	1	0	1
20	50	0	30	100	120	14	1	1	0	1
30	0	0	40	50	120	14	1	1	0	1
30	50	0	40	100	120	14	1	1	0	1
40	0	0	50	50	120	14	1	1	0	1
40	50	0	50	100	120	14	1	1	0	1
50	0	0	60	50	120	14	1	1	0	1
50	50	0	60	100	120	14	1	1	0	1
60	0	0	70	50	120	14	1	1	0	1
60	50	0	70	100	120	14	1	1	0	1
70	0	0	80	50	120	14	1	1	0	1
70	50	0	80	100	120	14	1	1	0	1
80	0	0	90	50	120	14	1	1	0	1
80	50	0	90	100	120	14	1	1	0	1
90	0	0	100	50	120	14	1	1	0	1
90	50	0	100	100	120	14	1	1	0	1
100	0	0	110	50	120	14	1	1	0	1
100	50	0	110	100	120	14	1	1	0	1
110	0	0	120	50	120	14	1	1	0	1
110	50	0	120	100	120	14	1	1	0	1
0	0	120	120	50	130	14	2	2	0	1
0	0	130	120	50	140	14	2	2	0	1
0	0	140	120	50	150	14	2	2	0	1
0	0	150	120	50	160	14	2	2	0	1
0	50	120	120	100	130	14	2	2	0	1
0	50	130	120	100	140	14	2	2	0	1
0	50	140	120	100	150	14	2	2	0	1
0	50	150	120	100	160	14	2	2	0	1
0	0	0	40	20	150	0	1	1	0	2
0	20	0	40	40	150	0	1	1	0	2
0	40	0	40	60	150	0	1	1	0	2
0	60	0	40	80	150	0	1	1	0	2
0	80	0	40	100	150	0	1	1	0	2
40	0	0	80	20	150	0	1	1	0	2
40	20	0	80	40	150	0	1	1	0	2
40	40	0	80	60	150	0	1	1	0	2
40	60	0	80	80	150	0	1	1	0	2
40	80	0	80	100	150	0	1	1	0	2
80	0	0	120	20	150	0	1	1	0	2
80	20	0	120	40	150	0	1	1	0	2
80	40	0	120	60	150	0	1	1	0	2
80	60	0	120	80	150	0	1	1	0	2
80	80	0	120	100	150	0	1	1	0	2
0	0	150	120	50	160	14	2	2	0	2
0	50	150	120	100	160	14	2	2	0	2
0	0	0	40	20	150	0	1	1	0	3
0	20	0	40	40	150	0	1	1	0	3
0	40	0	40	60	150	0	1	1	0	3
0	60	0	40	80	150	0	1	1	0	3
0	80	0	40	100	150	0	1	1	0	3
40	0	0	80	20	150	0	1	1	0	3
40	20	0	80	40	150	0	1	1	0	3
40	40	0	80	60	150	0	1	1	0	3
40	60	0	80	80	150	0	1	1	0	3
40	80	0	80	100	150	0	1	1	0	3
80	0	0	120	20	150	0	1	1	0	3
80	20	0	120	40	150	0	1	1	0	3
80	40	0	120	60	150	0	1	1	0	3
80	60	0	120	80	150	0	1	1	0	3
80	80	0	120	100	150	0	1	1	0	3
0	0	150	120	50	160	14	2	2	0	3
0	50	150	120	100	160	14	2	2	0	3
0	0	0	20	100	50	6	1	1	0	4
0	0	50	20	100	100	6	1	1	0	4
0	0	100	20	100	150	6	1	1	0	4
20	0	0	40	100	50	6	1	1	0	4
20	0	50	40	100	100	6	1	1	0	4
20	0	100	40	100	150	6	1	1	0	4
40	0	0	60	100	50	6	1	1	0	4
40	0	50	60	100	100	6	1	1	0	4
40	0	100	60	100	150	6	1	1	0	4
60	0	0	80	100	50	6	1	1	0	4
60	0	50	80	100	100	6	1	1	0	4
60	0	100	80	100	150	6	1	1	0	4
80	0	0	100	100	50	6	1	1	0	4
80	0	50	100	100	100	6	1	1	0	4
80	0	100	100	100	150	6	1	1	0	4
100	0	0	120	100	50	6	1	1	0	4
100	0	50	120	100	100	6	1	1	0	4
100	0	100	120	100	150	6	1	1	0	4
0	0	150	120	50	160	14	2	2	0	4
0	50	150	120	100	160	14	2	2	0	4
0	0	0	120	50	10	8	1	1	0	5
0	0	10	120	50	20	8	1	1	0	5
0	0	20	120	50	30	8	1	1	0	5
0	0	30	120	50	40	8	1	1	0	5
0	0	40	120	50	50	8	1	1	0	5
0	0	50	120	50	60	8	1	1	0	5
0	0	60	120	50	70	8	1	1	0	5
0	0	70	120	50	80	8	1	1	0	5
0	0	80	120	50	90	8	1	1	0	5
0	0	90	120	50	100	8	1	1	0	5
0	0	100	120	50	110	8	1	1	0	5
0	0	110	120	50	120	8	1	1	0	5
0	0	120	120	50	130	8	1	1	0	5
0	0	130	120	50	140	8	1	1	0	5
0	0	140	120	50	150	8	1	1	0	5
0	0	150	120	50	160	8	1	1	0	5
0	50	0	120	100	10	8	1	1	0	5
0	50	10	120	100	20	8	1	1	0	5
0	50	20	120	100	30	8	1	1	0	5
0	50	30	120	100	40	8	1	1	0	5
0	50	40	120	100	50	8	1	1	0	5
0	50	50	120	100	60	8	1	1	0	5
0	50	60	120	100	70	8	1	1	0	5
0	50	70	120	100	80	8	1	1	0	5
0	50	80	120	100	90	8	1	1	0	5
0	50	90	120	100	100	8	1	1	0	5
0	50	100	120	100	110	8	1	1	0	5
0	50	110	120	100	120	8	1	1	0	5
0	50	120	120	100	130	8	1	1	0	5
0	50	130	120	100	140	8	1	1	0	5
0	50	140	120	100	150	8	1	1	0	5
0	50	150	120	100	160	8	1	1	0	5
0	0	0	20	100	50	12	1	1	0	6
0	0	50	20	100	100	12	1	1	0	6
0	0	100	20	100	150	12	1	1	0	6
20	0	0	40	100	50	12	1	1	0	6
20	0	50	40	100	100	12	1	1	0	6
20	0	100	40	100	150	12	1	1	0	6
40	0	0	60	100	50	12	1	1	0	6
40	0	50	60	100	100	12	1	1	0	6
40	0	100	60	100	150	12	1	1	0	6
60	0	0	80	100	50	12	1	1	0	6
60	0	50	80	100	100	12	1	1	0	6
60	0	100	80	100	150	12	1	1	0	6
80	0	0	100	100	50	12	1	1	0	6
80	0	50	100	100	100	12	1	1	0	6
80	0	100	100	100	150	12	1	1	0	6
100	0	0	120	100	50	12	1	1	0	6
100	0	50	120	100	100	12	1	1	0	6
100	0	100	120	100	150	12	1	1	0	6
0	0	150	120	50	160	14	2	2	0	6
0	50	150	120	100	160	14	2	2	0	6
0	0	0	20	100	50	12	1	1	0	7
20	0	0	40	100	50	12	1	1	0	7
40	0	0	60	100	50	12	1	1	0	7
60	0	0	80	100	50	12	1	1	0	7
80	0	0	100	100	50	12	1	1	0	7
100	0	0	120	100	50	12	1	1	0	7
0	0	50	15	50	160	13	2	2	0	7
0	50	50	15	100	160	13	2	2	0	7
15	0	50	30	50	160	13	2	2	0	7
15	50	50	30	100	160	13	2	2	0	7
30	0	50	45	50	160	13	2	2	0	7
30	50	50	45	100	160	13	2	2	0	7
45	0	50	60	50	160	13	2	2	0	7
45	50	50	60	100	160	13	2	2	0	7
60	0	50	75	50	160	13	2	2	0	7
60	50	50	75	100	160	13	2	2	0	7
75	0	50	90	50	160	13	2	2	0	7
75	50	50	90	100	160	13	2	2	0	7
90	0	50	105	50	160	13	2	2	0	7
90	50	50	105	100	160	13	2	2	0	7
105	0	50	120	50	160	13	2	2	0	7
105	50	50	120	100	160	13	2	2	0	7
0	0	0	20	100	50	12	1	1	0	8
20	0	0	40	100	50	12	1	1	0	8
40	0	0	60	100	50	12	1	1	0	8
60	0	0	80	100	50	12	1	1	0	8
80	0	0	100	100	50	12	1	1	0	8
100	0	0	120	100	50	12	1	1	0	8
0	0	50	15	50	160	13	2	2	0	8
0	50	50	15	100	160	13	2	2	0	8
15	0	50	30	50	160	13	2	2	0	8
15	50	50	30	100	160	13	2	2	0	8
30	0	50	45	50	160	13	2	2	0	8
30	50	50	45	100	160	13	2	2	0	8
45	0	50	60	50	160	13	2	2	0	8
45	50	50	60	100	160	13	2	2	0	8
60	0	50	75	50	160	13	2	2	0	8
60	50	50	75	100	160	13	2	2	0	8
75	0	50	90	50	160	13	2	2	0	8
75	50	50	90	100	160	13	2	2	0	8
90	0	50	105	50	160	13	2	2	0	8
90	50	50	105	100	160	13	2	2	0	8
105	0	50	120	50	160	13	2	2	0	8
105	50	50	120	100	160	13	2	2	0	8
0	0	0	60	50	40	2	1	1	0	9
0	0	40	60	50	80	2	1	1	0	9
0	0	80	60	50	120	2	1	1	0	9
0	0	120	60	50	160	2	1	1	0	9
60	0	0	120	50	40	2	1	1	0	9
60	0	40	120	50	80	2	1	1	0	9
60	0	80	120	50	120	2	1	1	0	9
60	0	120	120	50	160	2	1	1	0	9
0	50	0	30	100	80	10	2	2	0	9
0	50	80	30	100	160	10	2	2	0	9
30	50	0	60	100	80	10	2	2	0	9
30	50	80	60	100	160	10	2	2	0	9
60	50	0	90	100	80	10	2	2	0	9
60	50	80	90	100	160	10	2	2	0	9
90	50	0	120	100	80	10	2	2	0	9
90	50	80	120	100	160	10	2	2	0	9
0	0	0	40	20	150	0	1	1	0	10
0	20	0	40	40	150	0	1	1	0	10
0	40	0	40	60	150	0	1	1	0	10
0	60	0	40	80	150	0	1	1	0	10
0	80	0	40	100	150	0	1	1	0	10
40	0	0	80	20	150	0	1	1	0	10
40	20	0	80	40	150	0	1	1	0	10
40	40	0	80	60	150	0	1	1	0	10
40	60	0	80	80	150	0	1	1	0	10
40	80	0	80	100	150	0	1	1	0	10
80	0	0	120	20	150	0	1	1	0	10
80	20	0	120	40	150	0	1	1	0	10
80	40	0	120	60	150	0	1	1	0	10
80	60	0	120	80	150	0	1	1	0	10
80	80	0	120	100	150	0	1	1	0	10
0	0	150	120	50	160	8	2	2	0	10
0	50	150	120	100	160	8	2	2	0	10
0	0	0	20	100	50	12	1	1	0	11
0	0	50	20	100	100	12	1	1	0	11
0	0	100	20	100	150	12	1	1	0	11
20	0	0	40	100	50	12	1	1	0	11
20	0	50	40	100	100	12	1	1	0	11
20	0	100	40	100	150	12	1	1	0	11
40	0	0	60	100	50	12	1	1	0	11
40	0	50	60	100	100	12	1	1	0	11
40	0	100	60	100	150	12	1	1	0	11
60	0	0	80	100	50	12	1	1	0	11
60	0	50	80	100	100	12	1	1	0	11
60	0	100	80	100	150	12	1	1	0	11
80	0	0	100	100	50	12	1	1	0	11
80	0	50	100	100	100	12	1	1	0	11
80	0	100	100	100	150	12	1	1	0	11
100	0	0	120	100	50	12	1	1	0	11
100	0	50	120	100	100	12	1	1	0	11
100	0	100	120	100	150	12	1	1	0	11
0	0	150	120	50	160	8	2	2	0	11
0	50	150	120	100	160	8	2	2	0	11
0	0	0	20	100	50	12	1	1	0	12
0	0	50	20	100	100	12	1	1	0	12
0	0	100	20	100	150	12	1	1	0	12
20	0	0	40	100	50	12	1	1	0	12
20	0	50	40	100	100	12	1	1	0	12
20	0	100	40	100	150	12	1	1	0	12
40	0	0	60	100	50	12	1	1	0	12
40	0	50	60	100	100	12	1	1	0	12
40	0	100	60	100	150	12	1	1	0	12
60	0	0	80	100	50	12	1	1	0	12
60	0	50	80	100	100	12	1	1	0	12
60	0	100	80	100	150	12	1	1	0	12
80	0	0	100	100	50	12	1	1	0	12
80	0	50	100	100	100	12	1	1	0	12
80	0	100	100	100	150	12	1	1	0	12
100	0	0	120	100	50	12	1	1	0	12
100	0	50	120	100	100	12	1	1	0	12
100	0	100	120	100	150	12	1	1	0	12
0	0	150	120	50	160	8	2	2	0	12
0	50	150	120	100	160	8	2	2	0	12
0	0	0	20	100	50	6	1	1	0	13
0	0	50	20	100	100	6	1	1	0	13
0	0	100	20	100	150	6	1	1	0	13
20	0	0	40	100	50	6	1	1	0	13
20	0	50	40	100	100	6	1	1	0	13
20	0	100	40	100	150	6	1	1	0	13
40	0	0	60	100	50	6	1	1	0	13
40	0	50	60	100	100	6	1	1	0	13
40	0	100	60	100	150	6	1	1	0	13
60	0	0	80	100	50	6	1	1	0	13
60	0	50	80	100	100	6	1	1	0	13
60	0	100	80	100	150	6	1	1	0	13
80	0	0	100	100	50	6	1	1	0	13
80	0	50	100	100	100	6	1	1	0	13
80	0	100	100	100	150	6	1	1	0	13
100	0	0	120	100	50	6	1	1	0	13
100	0	50	120	100	100	6	1	1	0	13
100	0	100	120	100	150	6	1	1	0	13
0	0	150	120	50	160	8	2	2	0	13
0	50	150	120	100	160	8	2	2	0	13
0	0	0	30	50	80	4	1	1	0	14
0	0	80	30	50	160	4	1	1	0	14
30	0	0	60	50	80	4	1	1	0	14
30	0	80	60	50	160	4	1	1	0	14
60	0	0	90	50	80	4	1	1	0	14
60	0	80	90	50	160	4	1	1	0	14
90	0	0	120	50	80	4	1	1	0	14
90	0	80	120	50	160	4	1	1	0	14
0	50	0	30	100	80	10	2	2	0	14
0	50	80	30	100	160	10	2	2	0	14
30	50	0	60	100	80	10	2	2	0	14
30	50	80	60	100	160	10	2	2	0	14
60	50	0	90	100	80	10	2	2	0	14
60	50	80	90	100	160	10	2	2	0	14
90	50	0	120	100	80	10	2	2	0	14
90	50	80	120	100	160	10	2	2	0	14
0	0	0	30	50	80	4	1	1	0	15
0	0	80	30	50	160	4	1	1	0	15
30	0	0	60	50	80	4	1	1	0	15
30	0	80	60	50	160	4	1	1	0	15
60	0	0	90	50	80	4	1	1	0	15
60	0	80	90	50	160	4	1	1	0	15
90	0	0	120	50	80	4	1	1	0	15
90	0	80	120	50	160	4	1	1	0	15
0	50	0	30	100	80	10	2	2	0	15
0	50	80	30	100	160	10	2	2	0	15
30	50	0	60	100	80	10	2	2	0	15
30	50	80	60	100	160	10	2	2	0	15
60	50	0	90	100	80	10	2	2	0	15
60	50	80	90	100	160	10	2	2	0	15
90	50	0	120	100	80	10	2	2	0	15
90	50	80	120	100	160	10	2	2	0	15
0	0	0	30	50	80	4	1	1	0	16
0	0	80	30	50	160	4	1	1	0	16
30	0	0	60	50	80	4	1	1	0	16
30	0	80	60	50	160	4	1	1	0	16
60	0	0	90	50	80	4	1	1	0	16
60	0	80	90	50	160	4	1	1	0	16
90	0	0	120	50	80	4	1	1	0	16
90	0	80	120	50	160	4	1	1	0	16
0	50	0	30	100	80	10	2	2	0	16
0	50	80	30	100	160	10	2	2	0	16
30	50	0	60	100	80	10	2	2	0	16
30	50	80	60	100	160	10	2	2	0	16
60	50	0	90	100	80	10	2	2	0	16
60	50	80	90	100	160	10	2	2	0	16
90	50	0	120	100	80	10	2	2	0	16
90	50	80	120	100	160	10	2	2	0	16
0	0	0	30	50	80	4	1	1	0	17
0	0	80	30	50	160	4	1	1	0	17
30	0	0	60	50	80	4	1	1	0	17
30	0	80	60	50	160	4	1	1	0	17
60	0	0	90	50	80	4	1	1	0	17
60	0	80	90	50	160	4	1	1	0	17
90	0	0	120	50	80	4	1	1	0	17
90	0	80	120	50	160	4	1	1	0	17
0	50	0	30	100	80	10	2	2	0	17
0	50	80	30	100	160	10	2	2	0	17
30	50	0	60	100	80	10	2	2	0	17
30	50	80	60	100	160	10	2	2	0	17
60	50	0	90	100	80	10	2	2	0	17
60	50	80	90	100	160	10	2	2	0	17
90	50	0	120	100	80	10	2	2	0	17
90	50	80	120	100	160	10	2	2	0	17
0	0	0	30	50	80	4	1	1	0	18
0	0	80	30	50	160	4	1	1	0	18
30	0	0	60	50	80	4	1	1	0	18
30	0	80	60	50	160	4	1	1	0	18
60	0	0	90	50	80	4	1	1	0	18
60	0	80	90	50	160	4	1	1	0	18
90	0	0	120	50	80	4	1	1	0	18
90	0	80	120	50	160	4	1	1	0	18
0	50	0	30	100	80	10	2	2	0	18
0	50	80	30	100	160	10	2	2	0	18
30	50	0	60	100	80	10	2	2	0	18
30	50	80	60	100	160	10	2	2	0	18
60	50	0	90	100	80	10	2	2	0	18
60	50	80	90	100	160	10	2	2	0	18
90	50	0	120	100	80	10	2	2	0	18
90	50	80	120	100	160	10	2	2	0	18
0	0	0	30	50	80	4	1	1	0	19
0	0	80	30	50	160	4	1	1	0	19
30	0	0	60	50	80	4	1	1	0	19
30	0	80	60	50	160	4	1	1	0	19
60	0	0	90	50	80	4	1	1	0	19
60	0	80	90	50	160	4	1	1	0	19
90	0	0	120	50	80	4	1	1	0	19
90	0	80	120	50	160	4	1	1	0	19
0	50	0	30	100	80	10	2	2	0	19
0	50	80	30	100	160	10	2	2	0	19
30	50	0	60	100	80	10	2	2	0	19
30	50	80	60	100	160	10	2	2	0	19
60	50	0	90	100	80	10	2	2	0	19
60	50	80	90	100	160	10	2	2	0	19
90	50	0	120	100	80	10	2	2	0	19
90	50	80	120	100	160	10	2	2	0	19
0	0	0	30	50	80	4	1	1	0	20
0	0	80	30	50	160	4	1	1	0	20
30	0	0	60	50	80	4	1	1	0	20
30	0	80	60	50	160	4	1	1	0	20
60	0	0	90	50	80	4	1	1	0	20
60	0	80	90	50	160	4	1	1	0	20
90	0	0	120	50	80	4	1	1	0	20
90	0	80	120	50	160	4	1	1	0	20
0	50	0	30	100	80	10	2	2	0	20
0	50	80	30	100	160	10	2	2	0	20
30	50	0	60	100	80	10	2	2	0	20
30	50	80	60	100	160	10	2	2	0	20
60	50	0	90	100	80	10	2	2	0	20
60	50	80	90	100	160	10	2	2	0	20
90	50	0	120	100	80	10	2	2	0	20
90	50	80	120	100	160	10	2	2	0	20
0	0	0	30	50	80	4	1	1	0	21
0	0	80	30	50	160	4	1	1	0	21
30	0	0	60	50	80	4	1	1	0	21
30	0	80	60	50	160	4	1	1	0	21
60	0	0	90	50	80	4	1	1	0	21
60	0	80	90	50	160	4	1	1	0	21
90	0	0	120	50	80	4	1	1	0	21
90	0	80	120	50	160	4	1	1	0	21
0	50	0	30	100	80	10	2	2	0	21
0	50	80	30	100	160	10	2	2	0	21
30	50	0	60	100	80	10	2	2	0	21
30	50	80	60	100	160	10	2	2	0	21
60	50	0	90	100	80	10	2	2	0	21
60	50	80	90	100	160	10	2	2	0	21
90	50	0	120	100	80	10	2	2	0	21
90	50	80	120	100	160	10	2	2	0	21
0	0	0	30	50	80	4	1	1	0	22
0	0	80	30	50	160	4	1	1	0	22
30	0	0	60	50	80	4	1	1	0	22
30	0	80	60	50	160	4	1	1	0	22
60	0	0	90	50	80	4	1	1	0	22
60	0	80	90	50	160	4	1	1	0	22
90	0	0	120	50	80	4	1	1	0	22
90	0	80	120	50	160	4	1	1	0	22
0	50	0	30	100	80	10	2	2	0	22
0	50	80	30	100	160	10	2	2	0	22
30	50	0	60	100	80	10	2	2	0	22
30	50	80	60	100	160	10	2	2	0	22
60	50	0	90	100	80	10	2	2	0	22
60	50	80	90	100	160	10	2	2	0	22
90	50	0	120	100	80	10	2	2	0	22
90	50	80	120	100	160	10	2	2	0	22
0	0	0	30	50	80	4	1	1	0	23
0	0	80	30	50	160	4	1	1	0	23
30	0	0	60	50	80	4	1	1	0	23
30	0	80	60	50	160	4	1	1	0	23
60	0	0	90	50	80	4	1	1	0	23
60	0	80	90	50	160	4	1	1	0	23
90	0	0	120	50	80	4	1	1	0	23
90	0	80	120	50	160	4	1	1	0	23
0	50	0	30	100	80	10	2	2	0	23
0	50	80	30	100	160	10	2	2	0	23
30	50	0	60	100	80	10	2	2	0	23
30	50	80	60	100	160	10	2	2	0	23
60	50	0	90	100	80	10	2	2	0	23
60	50	80	90	100	160	10	2	2	0	23
90	50	0	120	100	80	10	2	2	0	23
90	50	80	120	100	160	10	2	2	0	23
0	0	0	30	50	80	4	1	1	0	24
0	0	80	30	50	160	4	1	1	0	24
30	0	0	60	50	80	4	1	1	0	24
30	0	80	60	50	160	4	1	1	0	24
60	0	0	90	50	80	4	1	1	0	24
60	0	80	90	50	160	4	1	1	0	24
90	0	0	120	50	80	4	1	1	0	24
90	0	80	120	50	160	4	1	1	0	24
0	50	0	30	100	80	10	2	2	0	24
0	50	80	30	100	160	10	2	2	0	24
30	50	0	60	100	80	10	2	2	0	24
30	50	80	60	100	160	10	2	2	0	24
60	50	0	90	100	80	10	2	2	0	24
60	50	80	90	100	160	10	2	2	0	24
90	50	0	120	100	80	10	2	2	0	24
90	50	80	120	100	160	10	2	2	0	24
0	0	0	30	50	80	4	1	1	0	25
0	0	80	30	50	160	4	1	1	0	25
30	0	0	60	50	80	4	1	1	0	25
30	0	80	60	50	160	4	1	1	0	25
60	0	0	90	50	80	4	1	1	0	25
60	0	80	90	50	160	4	1	1	0	25
90	0	0	120	50	80	4	1	1	0	25
90	0	80	120	50	160	4	1	1	0	25
0	50	0	30	100	80	10	2	2	0	25
0	50	80	30	100	160	10	2	2	0	25
30	50	0	60	100	80	10	2	2	0	25
30	50	80	60	100	160	10	2	2	0	25
60	50	0	90	100	80	10	2	2	0	25
60	50	80	90	100	160	10	2	2	0	25
90	50	0	120	100	80	10	2	2	0	25
90	50	80	120	100	160	10	2	2	0	25
0	0	0	30	50	80	4	1	1	0	26
0	0	80	30	50	160	4	1	1	0	26
30	0	0	60	50	80	4	1	1	0	26
30	0	80	60	50	160	4	1	1	0	26
60	0	0	90	50	80	4	1	1	0	26
60	0	80	90	50	160	4	1	1	0	26
90	0	0	120	50	80	4	1	1	0	26
90	0	80	120	50	160	4	1	1	0	26
0	50	0	30	100	80	10	2	2	0	26
0	50	80	30	100	160	10	2	2	0	26
30	50	0	60	100	80	10	2	2	0	26
30	50	80	60	100	160	10	2	2	0	26
60	50	0	90	100	80	10	2	2	0	26
60	50	80	90	100	160	10	2	2	0	26
90	50	0	120	100	80	10	2	2	0	26
90	50	80	120	100	160	10	2	2	0	26
0	0	0	30	50	80	4	1	1	0	27
0	0	80	30	50	160	4	1	1	0	27
30	0	0	60	50	80	4	1	1	0	27
30	0	80	60	50	160	4	1	1	0	27
60	0	0	90	50	80	4	1	1	0	27
60	0	80	90	50	160	4	1	1	0	27
90	0	0	120	50	80	4	1	1	0	27
90	0	80	120	50	160	4	1	1	0	27
0	50	0	30	100	80	10	2	2	0	27
0	50	80	30	100	160	10	2	2	0	27
30	50	0	60	100	80	10	2	2	0	27
30	50	80	60	100	160	10	2	2	0	27
60	50	0	90	100	80	10	2	2	0	27
60	50	80	90	100	160	10	2	2	0	27
90	50	0	120	100	80	10	2	2	0	27
90	50	80	120	100	160	10	2	2	0	27
0	0	0	30	50	80	4	1	1	0	28
0	0	80	30	50	160	4	1	1	0	28
30	0	0	60	50	80	4	1	1	0	28
30	0	80	60	50	160	4	1	1	0	28
60	0	0	90	50	80	4	1	1	0	28
60	0	80	90	50	160	4	1	1	0	28
90	0	0	120	50	80	4	1	1	0	28
90	0	80	120	50	160	4	1	1	0	28
0	50	0	30	100	80	10	2	2	0	28
0	50	80	30	100	160	10	2	2	0	28
30	50	0	60	100	80	10	2	2	0	28
30	50	80	60	100	160	10	2	2	0	28
60	50	0	90	100	80	10	2	2	0	28
60	50	80	90	100	160	10	2	2	0	28
90	50	0	120	100	80	10	2	2	0	28
90	50	80	120	100	160	10	2	2	0	28
0	0	0	30	50	80	4	1	1	0	29
0	0	80	30	50	160	4	1	1	0	29
30	0	0	60	50	80	4	1	1	0	29
30	0	80	60	50	160	4	1	1	0	29
60	0	0	90	50	80	4	1	1	0	29
60	0	80	90	50	160	4	1	1	0	29
90	0	0	120	50	80	4	1	1	0	29
90	0	80	120	50	160	4	1	1	0	29
0	50	0	30	100	80	10	2	2	0	29
0	50	80	30	100	160	10	2	2	0	29
30	50	0	60	100	80	10	2	2	0	29
30	50	80	60	100	160	10	2	2	0	29
60	50	0	90	100	80	10	2	2	0	29
60	50	80	90	100	160	10	2	2	0	29
90	50	0	120	100	80	10	2	2	0	29
90	50	80	120	100	160	10	2	2	0	29
0	0	0	30	50	80	4	1	1	0	30
0	0	80	30	50	160	4	1	1	0	30
30	0	0	60	50	80	4	1	1	0	30
30	0	80	60	50	160	4	1	1	0	30
60	0	0	90	50	80	4	1	1	0	30
60	0	80	90	50	160	4	1	1	0	30
90	0	0	120	50	80	4	1	1	0	30
90	0	80	120	50	160	4	1	1	0	30
0	50	0	30	100	80	10	2	2	0	30
0	50	80	30	100	160	10	2	2	0	30
30	50	0	60	100	80	10	2	2	0	30
30	50	80	60	100	160	10	2	2	0	30
60	50	0	90	100	80	10	2	2	0	30
60	50	80	90	100	160	10	2	2	0	30
90	50	0	120	100	80	10	2	2	0	30
90	50	80	120	100	160	10	2	2	0	30
0	0	0	30	50	80	4	1	1	0	31
0	0	80	30	50	160	4	1	1	0	31
30	0	0	60	50	80	4	1	1	0	31
30	0	80	60	50	160	4	1	1	0	31
60	0	0	90	50	80	4	1	1	0	31
60	0	80	90	50	160	4	1	1	0	31
90	0	0	120	50	80	4	1	1	0	31
90	0	80	120	50	160	4	1	1	0	31
0	50	0	30	100	80	10	2	2	0	31
0	50	80	30	100	160	10	2	2	0	31
30	50	0	60	100	80	10	2	2	0	31
30	50	80	60	100	160	10	2	2	0	31
60	50	0	90	100	80	10	2	2	0	31
60	50	80	90	100	160	10	2	2	0	31
90	50	0	120	100	80	10	2	2	0	31
90	50	80	120	100	160	10	2	2	0	31
0	0	0	30	50	80	4	1	1	0	32
0	0	80	30	50	160	4	1	1	0	32
30	0	0	60	50	80	4	1	1	0	32
30	0	80	60	50	160	4	1	1	0	32
60	0	0	90	50	80	4	1	1	0	32
60	0	80	90	50	160	4	1	1	0	32
90	0	0	120	50	80	4	1	1	0	32
90	0	80	120	50	160	4	1	1	0	32
0	50	0	30	100	80	10	2	2	0	32
0	50	80	30	100	160	10	2	2	0	32
30	50	0	60	100	80	10	2	2	0	32
30	50	80	60	100	160	10	2	2	0	32
60	50	0	90	100	80	10	2	2	0	32
60	50	80	90	100	160	10	2	2	0	32
90	50	0	120	100	80	10	2	2	0	32
90	50	80	120	100	160	10	2	2	0	32
0	0	0	30	50	80	4	1	1	0	33
0	0	80	30	50	160	4	1	1	0	33
30	0	0	60	50	80	4	1	1	0	33
30	0	80	60	50	160	4	1	1	0	33
60	0	0	90	50	80	4	1	1	0	33
60	0	80	90	50	160	4	1	1	0	33
90	0	0	120	50	80	4	1	1	0	33
90	0	80	120	50	160	4	1	1	0	33
0	50	0	30	100	80	10	2	2	0	33
0	50	80	30	100	160	10	2	2	0	33
30	50	0	60	100	80	10	2	2	0	33
30	50	80	60	100	160	10	2	2	0	33
60	50	0	90	100	80	10	2	2	0	33
60	50	80	90	100	160	10	2	2	0	33
90	50	0	120	100	80	10	2	2	0	33
90	50	80	120	100	160	10	2	2	0	33
0	0	0	30	50	80	4	1	1	0	34
0	0	80	30	50	160	4	1	1	0	34
30	0	0	60	50	80	4	1	1	0	34
30	0	80	60	50	160	4	1	1	0	34
60	0	0	90	50	80	4	1	1	0	34
60	0	80	90	50	160	4	1	1	0	34
90	0	0	120	50	80	4	1	1	0	34
90	0	80	120	50	160	4	1	1	0	34
0	50	0	30	100	80	10	2	2	0	34
0	50	80	30	100	160	10	2	2	0	34
30	50	0	60	100	80	10	2	2	0	34
30	50	80	60	100	160	10	2	2	0	34
60	50	0	90	100	80	10	2	2	0	34
60	50	80	90	100	160	10	2	2	0	34
90	50	0	120	100	80	10	2	2	0	34
90	50	80	120	100	160	10	2	2	0	34
0	0	0	30	50	80	4	1	1	0	35
0	0	80	30	50	160	4	1	1	0	35
30	0	0	60	50	80	4	1	1	0	35
30	0	80	60	50	160	4	1	1	0	35
60	0	0	90	50	80	4	1	1	0	35
60	0	80	90	50	160	4	1	1	0	35
90	0	0	120	50	80	4	1	1	0	35
90	0	80	120	50	160	4	1	1	0	35
0	50	0	30	100	80	10	2	2	0	35
0	50	80	30	100	160	10	2	2	0	35
30	50	0	60	100	80	10	2	2	0	35
30	50	80	60	100	160	10	2	2	0	35
60	50	0	90	100	80	10	2	2	0	35
60	50	80	90	100	160	10	2	2	0	35
90	50	0	120	100	80	10	2	2	0	35
90	50	80	120	100	160	10	2	2	0	35
0	0	0	30	50	80	4	1	1	0	36
0	0	80	30	50	160	4	1	1	0	36
30	0	0	60	50	80	4	1	1	0	36
30	0	80	60	50	160	4	1	1	0	36
60	0	0	90	50	80	4	1	1	0	36
60	0	80	90	50	160	4	1	1	0	36
90	0	0	120	50	80	4	1	1	0	36
90	0	80	120	50	160	4	1	1	0	36
0	50	0	30	100	80	10	2	2	0	36
0	50	80	30	100	160	10	2	2	0	36
30	50	0	60	100	80	10	2	2	0	36
30	50	80	60	100	160	10	2	2	0	36
60	50	0	90	100	80	10	2	2	0	36
60	50	80	90	100	160	10	2	2	0	36
90	50	0	120	100	80	10	2	2	0	36
90	50	80	120	100	160	10	2	2	0	36
0	0	0	30	50	80	4	1	1	0	37
0	0	80	30	50	160	4	1	1	0	37
30	0	0	60	50	80	4	1	1	0	37
30	0	80	60	50	160	4	1	1	0	37
60	0	0	90	50	80	4	1	1	0	37
60	0	80	90	50	160	4	1	1	0	37
90	0	0	120	50	80	4	1	1	0	37
90	0	80	120	50	160	4	1	1	0	37
0	50	0	30	100	80	10	2	2	0	37
0	50	80	30	100	160	10	2	2	0	37
30	50	0	60	100	80	10	2	2	0	37
30	50	80	60	100	160	10	2	2	0	37
60	50	0	90	100	80	10	2	2	0	37
60	50	80	90	100	160	10	2	2	0	37
90	50	0	120	100	80	10	2	2	0	37
90	50	80	120	100	160	10	2	2	0	37
0	0	0	15	50	110	7	1	1	0	38
0	50	0	15	100	110	7	1	1	0	38
15	0	0	30	50	110	7	1	1	0	38
15	50	0	30	100	110	7	1	1	0	38
30	0	0	45	50	110	7	1	1	0	38
30	50	0	45	100	110	7	1	1	0	38
45	0	0	60	50	110	7	1	1	0	38
45	50	0	60	100	110	7	1	1	0	38
60	0	0	75	50	110	7	1	1	0	38
60	50	0	75	100	110	7	1	1	0	38
75	0	0	90	50	110	7	1	1	0	38
75	50	0	90	100	110	7	1	1	0	38
90	0	0	105	50	110	7	1	1	0	38
90	50	0	105	100	110	7	1	1	0	38
105	0	0	120	50	110	7	1	1	0	38
105	50	0	120	100	110	7	1	1	0	38
0	0	110	100	20	160	12	2	2	0	38
0	20	110	100	40	160	12	2	2	0	38
0	40	110	100	60	160	12	2	2	0	38
0	60	110	100	80	160	12	2	2	0	38
0	80	110	100	100	160	12	2	2	0	38
100	0	110	120	100	160	6	3	3	0	38
0	0	0	15	50	110	7	1	1	0	39
0	50	0	15	100	110	7	1	1	0	39
15	0	0	30	50	110	7	1	1	0	39
15	50	0	30	100	110	7	1	1	0	39
30	0	0	45	50	110	7	1	1	0	39
30	50	0	45	100	110	7	1	1	0	39
45	0	0	60	50	110	7	1	1	0	39
45	50	0	60	100	110	7	1	1	0	39
60	0	0	75	50	110	7	1	1	0	39
60	50	0	75	100	110	7	1	1	0	39
75	0	0	90	50	110	7	1	1	0	39
75	50	0	90	100	110	7	1	1	0	39
90	0	0	105	50	110	7	1	1	0	39
90	50	0	105	100	110	7	1	1	0	39
105	0	0	120	50	110	7	1	1	0	39
105	50	0	120	100	110	7	1	1	0	39
0	0	110	100	20	160	12	2	2	0	39
0	20	110	100	40	160	12	2	2	0	39
0	40	110	100	60	160	12	2	2	0	39
0	60	110	100	80	160	12	2	2	0	39
0	80	110	100	100	160	12	2	2	0	39
100	0	110	120	100	160	6	3	3	0	39
0	0	0	15	50	110	7	1	1	0	40
0	50	0	15	100	110	7	1	1	0	40
15	0	0	30	50	110	7	1	1	0	40
15	50	0	30	100	110	7	1	1	0	40
30	0	0	45	50	110	7	1	1	0	40
30	50	0	45	100	110	7	1	1	0	40
45	0	0	60	50	110	7	1	1	0	40
45	50	0	60	100	110	7	1	1	0	40
60	0	0	75	50	110	7	1	1	0	40
60	50	0	75	100	110	7	1	1	0	40
75	0	0	90	50	110	7	1	1	0	40
75	50	0	90	100	110	7	1	1	0	40
90	0	0	105	50	110	7	1	1	0	40
90	50	0	105	100	110	7	1	1	0	40
105	0	0	120	50	110	7	1	1	0	40
105	50	0	120	100	110	7	1	1	0	40
0	0	110	100	20	160	12	2	2	0	40
0	20	110	100	40	160	12	2	2	0	40
0	40	110	100	60	160	12	2	2	0	40
0	60	110	100	80	160	12	2	2	0	40
0	80	110	100	100	160	12	2	2	0	40
100	0	110	120	100	160	6	3	3	0	40
0	0	0	15	50	110	7	1	1	0	41
0	50	0	15	100	110	7	1	1	0	41
15	0	0	30	50	110	7	1	1	0	41
15	50	0	30	100	110	7	1	1	0	41
30	0	0	45	50	110	7	1	1	0	41
30	50	0	45	100	110	7	1	1	0	41
45	0	0	60	50	110	7	1	1	0	41
45	50	0	60	100	110	7	1	1	0	41
60	0	0	75	50	110	7	1	1	0	41
60	50	0	75	100	110	7	1	1	0	41
75	0	0	90	50	110	7	1	1	0	41
75	50	0	90	100	110	7	1	1	0	41
90	0	0	105	50	110	7	1	1	0	41
90	50	0	105	100	110	7	1	1	0	41
105	0	0	120	50	110	7	1	1	0	41
105	50	0	120	100	110	7	1	1	0	41
0	0	110	100	20	160	12	2	2	0	41
0	20	110	100	40	160	12	2	2	0	41
0	40	110	100	60	160	12	2	2	0	41
0	60	110	100	80	160	12	2	2	0	41
0	80	110	100	100	160	12	2	2	0	41
100	0	110	120	100	160	6	3	3	0	41
0	0	0	15	50	110	7	1	1	0	42
0	50	0	15	100	110	7	1	1	0	42
15	0	0	30	50	110	7	1	1	0	42
15	50	0	30	100	110	7	1	1	0	42
30	0	0	45	50	110	7	1	1	0	42
30	50	0	45	100	110	7	1	1	0	42
45	0	0	60	50	110	7	1	1	0	42
45	50	0	60	100	110	7	1	1	0	42
60	0	0	75	50	110	7	1	1	0	42
60	50	0	75	100	110	7	1	1	0	42
75	0	0	90	50	110	7	1	1	0	42
75	50	0	90	100	110	7	1	1	0	42
90	0	0	105	50	110	7	1	1	0	42
90	50	0	105	100	110	7	1	1	0	42
105	0	0	120	50	110	7	1	1	0	42
105	50	0	120	100	110	7	1	1	0	42
0	0	110	100	20	160	12	2	2	0	42
0	20	110	100	40	160	12	2	2	0	42
0	40	110	100	60	160	12	2	2	0	42
0	60	110	100	80	160	12	2	2	0	42
0	80	110	100	100	160	12	2	2	0	42
100	0	110	120	100	160	6	3	3	0	42
0	0	0	15	50	110	7	1	1	0	43
0	50	0	15	100	110	7	1	1	0	43
15	0	0	30	50	110	7	1	1	0	43
15	50	0	30	100	110	7	1	1	0	43
30	0	0	45	50	110	7	1	1	0	43
30	50	0	45	100	110	7	1	1	0	43
45	0	0	60	50	110	7	1	1	0	43
45	50	0	60	100	110	7	1	1	0	43
60	0	0	75	50	110	7	1	1	0	43
60	50	0	75	100	110	7	1	1	0	43
75	0	0	90	50	110	7	1	1	0	43
75	50	0	90	100	110	7	1	1	0	43
90	0	0	105	50	110	7	1	1	0	43
90	50	0	105	100	110	7	1	1	0	43
105	0	0	120	50	110	7	1	1	0	43
105	50	0	120	100	110	7	1	1	0	43
0	0	110	100	20	160	12	2	2	0	43
0	20	110	100	40	160	12	2	2	0	43
0	40	110	100	60	160	12	2	2	0	43
0	60	110	100	80	160	12	2	2	0	43
0	80	110	100	100	160	12	2	2	0	43
100	0	110	120	100	160	6	3	3	0	43
0	0	0	15	50	110	7	1	1	0	44
0	50	0	15	100	110	7	1	1	0	44
15	0	0	30	50	110	7	1	1	0	44
15	50	0	30	100	110	7	1	1	0	44
30	0	0	45	50	110	7	1	1	0	44
30	50	0	45	100	110	7	1	1	0	44
45	0	0	60	50	110	7	1	1	0	44
45	50	0	60	100	110	7	1	1	0	44
60	0	0	75	50	110	7	1	1	0	44
60	50	0	75	100	110	7	1	1	0	44
75	0	0	90	50	110	7	1	1	0	44
75	50	0	90	100	110	7	1	1	0	44
90	0	0	105	50	110	7	1	1	0	44
90	50	0	105	100	110	7	1	1	0	44
105	0	0	120	50	110	7	1	1	0	44
105	50	0	120	100	110	7	1	1	0	44
0	0	110	100	20	160	12	2	2	0	44
0	20	110	100	40	160	12	2	2	0	44
0	40	110	100	60	160	12	2	2	0	44
0	60	110	100	80	160	12	2	2	0	44
0	80	110	100	100	160	12	2	2	0	44
100	0	110	120	100	160	6	3	3	0	44
0	0	0	15	50	110	7	1	1	0	45
0	50	0	15	100	110	7	1	1	0	45
15	0	0	30	50	110	7	1	1	0	45
15	50	0	30	100	110	7	1	1	0	45
30	0	0	45	50	110	7	1	1	0	45
30	50	0	45	100	110	7	1	1	0	45
45	0	0	60	50	110	7	1	1	0	45
45	50	0	60	100	110	7	1	1	0	45
60	0	0	75	50	110	7	1	1	0	45
60	50	0	75	100	110	7	1	1	0	45
75	0	0	90	50	110	7	1	1	0	45
75	50	0	90	100	110	7	1	1	0	45
90	0	0	105	50	110	7	1	1	0	45
90	50	0	105	100	110	7	1	1	0	45
105	0	0	120	50	110	7	1	1	0	45
105	50	0	120	100	110	7	1	1	0	45
0	0	110	100	20	160	12	2	2	0	45
0	20	110	100	40	160	12	2	2	0	45
0	40	110	100	60	160	12	2	2	0	45
0	60	110	100	80	160	12	2	2	0	45
0	80	110	100	100	160	12	2	2	0	45
100	0	110	120	100	160	6	3	3	0	45
0	0	0	15	50	110	7	1	1	0	46
0	50	0	15	100	110	7	1	1	0	46
15	0	0	30	50	110	7	1	1	0	46
15	50	0	30	100	110	7	1	1	0	46
30	0	0	45	50	110	7	1	1	0	46
30	50	0	45	100	110	7	1	1	0	46
45	0	0	60	50	110	7	1	1	0	46
45	50	0	60	100	110	7	1	1	0	46
60	0	0	75	50	110	7	1	1	0	46
60	50	0	75	100	110	7	1	1	0	46
75	0	0	90	50	110	7	1	1	0	46
75	50	0	90	100	110	7	1	1	0	46
90	0	0	105	50	110	7	1	1	0	46
90	50	0	105	100	110	7	1	1	0	46
105	0	0	120	50	110	7	1	1	0	46
105	50	0	120	100	110	7	1	1	0	46
0	0	110	100	20	160	12	2	2	0	46
0	20	110	100	40	160	12	2	2	0	46
0	40	110	100	60	160	12	2	2	0	46
0	60	110	100	80	160	12	2	2	0	46
0	80	110	100	100	160	12	2	2	0	46
100	0	110	120	100	160	6	3	3	0	46
0	0	0	15	50	110	7	1	1	0	47
0	50	0	15	100	110	7	1	1	0	47
15	0	0	30	50	110	7	1	1	0	47
15	50	0	30	100	110	7	1	1	0	47
30	0	0	45	50	110	7	1	1	0	47
30	50	0	45	100	110	7	1	1	0	47
45	0	0	60	50	110	7	1	1	0	47
45	50	0	60	100	110	7	1	1	0	47
60	0	0	75	50	110	7	1	1	0	47
60	50	0	75	100	110	7	1	1	0	47
75	0	0	90	50	110	7	1	1	0	47
75	50	0	90	100	110	7	1	1	0	47
90	0	0	105	50	110	7	1	1	0	47
90	50	0	105	100	110	7	1	1	0	47
105	0	0	120	50	110	7	1	1	0	47
105	50	0	120	100	110	7	1	1	0	47
0	0	110	100	20	160	12	2	2	0	47
0	20	110	100	40	160	12	2	2	0	47
0	40	110	100	60	160	12	2	2	0	47
0	60	110	100	80	160	12	2	2	0	47
0	80	110	100	100	160	12	2	2	0	47
100	0	110	120	100	160	6	3	3	0	47
0	0	0	15	50	110	7	1	1	0	48
0	50	0	15	100	110	7	1	1	0	48
15	0	0	30	50	110	7	1	1	0	48
15	50	0	30	100	110	7	1	1	0	48
30	0	0	45	50	110	7	1	1	0	48
30	50	0	45	100	110	7	1	1	0	48
45	0	0	60	50	110	7	1	1	0	48
45	50	0	60	100	110	7	1	1	0	48
60	0	0	75	50	110	7	1	1	0	48
60	50	0	75	100	110	7	1	1	0	48
75	0	0	90	50	110	7	1	1	0	48
75	50	0	90	100	110	7	1	1	0	48
90	0	0	105	50	110	7	1	1	0	48
90	50	0	105	100	110	7	1	1	0	48
105	0	0	120	50	110	7	1	1	0	48
105	50	0	120	100	110	7	1	1	0	48
0	0	110	100	20	160	12	2	2	0	48
0	20	110	100	40	160	12	2	2	0	48
0	40	110	100	60	160	12	2	2	0	48
0	60	110	100	80	160	12	2	2	0	48
0	80	110	100	100	160	12	2	2	0	48
100	0	110	120	100	160	6	3	3	0	48
0	0	0	15	50	110	7	1	1	0	49
0	50	0	15	100	110	7	1	1	0	49
15	0	0	30	50	110	7	1	1	0	49
15	50	0	30	100	110	7	1	1	0	49
30	0	0	45	50	110	7	1	1	0	49
30	50	0	45	100	110	7	1	1	0	49
45	0	0	60	50	110	7	1	1	0	49
45	50	0	60	100	110	7	1	1	0	49
60	0	0	75	50	110	7	1	1	0	49
60	50	0	75	100	110	7	1	1	0	49
75	0	0	90	50	110	7	1	1	0	49
75	50	0	90	100	110	7	1	1	0	49
90	0	0	105	50	110	7	1	1	0	49
90	50	0	105	100	110	7	1	1	0	49
105	0	0	120	50	110	7	1	1	0	49
105	50	0	120	100	110	7	1	1	0	49
0	0	110	100	20	160	12	2	2	0	49
0	20	110	100	40	160	12	2	2	0	49
0	40	110	100	60	160	12	2	2	0	49
0	60	110	100	80	160	12	2	2	0	49
0	80	110	100	100	160	12	2	2	0	49
100	0	110	120	100	160	6	3	3	0	49
0	0	0	100	50	20	12	1	1	0	50
0	0	20	100	50	40	12	1	1	0	50
0	0	40	100	50	60	12	1	1	0	50
0	0	60	100	50	80	12	1	1	0	50
0	0	80	100	50	100	12	1	1	0	50
0	0	100	100	50	120	12	1	1	0	50
0	0	120	100	50	140	12	1	1	0	50
0	0	140	100	50	160	12	1	1	0	50
0	50	0	100	100	20	12	1	1	0	50
0	50	20	100	100	40	12	1	1	0	50
0	50	40	100	100	60	12	1	1	0	50
0	50	60	100	100	80	12	1	1	0	50
0	50	80	100	100	100	12	1	1	0	50
0	50	100	100	100	120	12	1	1	0	50
0	50	120	100	100	140	12	1	1	0	50
0	50	140	100	100	160	12	1	1	0	50
100	0	0	120	100	50	12	2	2	0	50
100	0	50	120	100	100	12	2	2	0	50
100	0	100	120	100	150	12	2	2	0	50
0	0	0	100	50	20	12	1	1	0	51
0	0	20	100	50	40	12	1	1	0	51
0	0	40	100	50	60	12	1	1	0	51
0	0	60	100	50	80	12	1	1	0	51
0	0	80	100	50	100	12	1	1	0	51
0	0	100	100	50	120	12	1	1	0	51
0	0	120	100	50	140	12	1	1	0	51
0	0	140	100	50	160	12	1	1	0	51
0	50	0	100	100	20	12	1	1	0	51
0	50	20	100	100	40	12	1	1	0	51
0	50	40	100	100	60	12	1	1	0	51
0	50	60	100	100	80	12	1	1	0	51
0	50	80	100	100	100	12	1	1	0	51
0	50	100	100	100	120	12	1	1	0	51
0	50	120	100	100	140	12	1	1	0	51
0	50	140	100	100	160	12	1	1	0	51
100	0	0	120	100	50	12	2	2	0	51
100	0	50	120	100	100	12	2	2	0	51
100	0	100	120	100	150	12	2	2	0	51
0	0	0	100	50	20	12	1	1	0	52
0	0	20	100	50	40	12	1	1	0	52
0	0	40	100	50	60	12	1	1	0	52
0	0	60	100	50	80	12	1	1	0	52
0	0	80	100	50	100	12	1	1	0	52
0	0	100	100	50	120	12	1	1	0	52
0	0	120	100	50	140	12	1	1	0	52
0	0	140	100	50	160	12	1	1	0	52
0	50	0	100	100	20	12	1	1	0	52
0	50	20	100	100	40	12	1	1	0	52
0	50	40	100	100	60	12	1	1	0	52
0	50	60	100	100	80	12	1	1	0	52
0	50	80	100	100	100	12	1	1	0	52
0	50	100	100	100	120	12	1	1	0	52
0	50	120	100	100	140	12	1	1	0	52
0	50	140	100	100	160	12	1	1	0	52
100	0	0	120	100	50	12	2	2	0	52
100	0	50	120	100	100	12	2	2	0	52
100	0	100	120	100	150	12	2	2	0	52
0	0	0	50	100	20	12	1	1	0	53
0	0	20	50	100	40	12	1	1	0	53
0	0	40	50	100	60	12	1	1	0	53
0	0	60	50	100	80	12	1	1	0	53
0	0	80	50	100	100	12	1	1	0	53
0	0	100	50	100	120	12	1	1	0	53
0	0	120	50	100	140	12	1	1	0	53
0	0	140	50	100	160	12	1	1	0	53
50	0	0	100	100	20	12	1	1	0	53
50	0	20	100	100	40	12	1	1	0	53
50	0	40	100	100	60	12	1	1	0	53
50	0	60	100	100	80	12	1	1	0	53
50	0	80	100	100	100	12	1	1	0	53
50	0	100	100	100	120	12	1	1	0	53
50	0	120	100	100	140	12	1	1	0	53
50	0	140	100	100	160	12	1	1	0	53
100	0	0	120	100	50	6	2	2	0	53
100	0	50	120	100	100	6	2	2	0	53
100	0	100	120	100	150	6	2	2	0	53
0	0	0	50	100	20	6	1	1	0	54
0	0	20	50	100	40	6	1	1	0	54
0	0	40	50	100	60	6	1	1	0	54
0	0	60	50	100	80	6	1	1	0	54
0	0	80	50	100	100	6	1	1	0	54
0	0	100	50	100	120	6	1	1	0	54
0	0	120	50	100	140	6	1	1	0	54
0	0	140	50	100	160	6	1	1	0	54
50	0	0	100	100	20	6	1	1	0	54
50	0	20	100	100	40	6	1	1	0	54
50	0	40	100	100	60	6	1	1	0	54
50	0	60	100	100	80	6	1	1	0	54
50	0	80	100	100	100	6	1	1	0	54
50	0	100	100	100	120	6	1	1	0	54
50	0	120	100	100	140	6	1	1	0	54
50	0	140	100	100	160	6	1	1	0	54
100	0	0	120	100	50	6	2	2	0	54
100	0	50	120	100	100	6	2	2	0	54
100	0	100	120	100	150	6	2	2	0	54
0	0	0	50	100	20	6	1	1	0	55
0	0	20	50	100	40	6	1	1	0	55
0	0	40	50	100	60	6	1	1	0	55
0	0	60	50	100	80	6	1	1	0	55
0	0	80	50	100	100	6	1	1	0	55
0	0	100	50	100	120	6	1	1	0	55
0	0	120	50	100	140	6	1	1	0	55
0	0	140	50	100	160	6	1	1	0	55
50	0	0	100	100	20	6	1	1	0	55
50	0	20	100	100	40	6	1	1	0	55
50	0	40	100	100	60	6	1	1	0	55
50	0	60	100	100	80	6	1	1	0	55
50	0	80	100	100	100	6	1	1	0	55
50	0	100	100	100	120	6	1	1	0	55
50	0	120	100	100	140	6	1	1	0	55
50	0	140	100	100	160	6	1	1	0	55
100	0	0	120	100	50	6	2	2	0	55
100	0	50	120	100	100	6	2	2	0	55
100	0	100	120	100	150	6	2	2	0	55
0	0	0	50	100	20	6	1	1	0	56
0	0	20	50	100	40	6	1	1	0	56
0	0	40	50	100	60	6	1	1	0	56
0	0	60	50	100	80	6	1	1	0	56
0	0	80	50	100	100	6	1	1	0	56
0	0	100	50	100	120	6	1	1	0	56
0	0	120	50	100	140	6	1	1	0	56
0	0	140	50	100	160	6	1	1	0	56
50	0	0	100	100	20	6	1	1	0	56
50	0	20	100	100	40	6	1	1	0	56
50	0	40	100	100	60	6	1	1	0	56
50	0	60	100	100	80	6	1	1	0	56
50	0	80	100	100	100	6	1	1	0	56
50	0	100	100	100	120	6	1	1	0	56
50	0	120	100	100	140	6	1	1	0	56
50	0	140	100	100	160	6	1	1	0	56
100	0	0	120	100	50	6	2	2	0	56
100	0	50	120	100	100	6	2	2	0	56
100	0	100	120	100	150	6	2	2	0	56
0	0	0	50	100	20	6	1	1	0	57
0	0	20	50	100	40	6	1	1	0	57
0	0	40	50	100	60	6	1	1	0	57
0	0	60	50	100	80	6	1	1	0	57
0	0	80	50	100	100	6	1	1	0	57
0	0	100	50	100	120	6	1	1	0	57
0	0	120	50	100	140	6	1	1	0	57
0	0	140	50	100	160	6	1	1	0	57
50	0	0	100	100	20	6	1	1	0	57
50	0	20	100	100	40	6	1	1	0	57
50	0	40	100	100	60	6	1	1	0	57
50	0	60	100	100	80	6	1	1	0	57
50	0	80	100	100	100	6	1	1	0	57
50	0	100	100	100	120	6	1	1	0	57
50	0	120	100	100	140	6	1	1	0	57
50	0	140	100	100	160	6	1	1	0	57
100	0	0	120	100	50	6	2	2	0	57
100	0	50	120	100	100	6	2	2	0	57
100	0	100	120	100	150	6	2	2	0	57
0	0	0	50	100	20	6	1	1	0	58
0	0	20	50	100	40	6	1	1	0	58
0	0	40	50	100	60	6	1	1	0	58
0	0	60	50	100	80	6	1	1	0	58
0	0	80	50	100	100	6	1	1	0	58
0	0	100	50	100	120	6	1	1	0	58
0	0	120	50	100	140	6	1	1	0	58
0	0	140	50	100	160	6	1	1	0	58
50	0	0	100	100	20	6	1	1	0	58
50	0	20	100	100	40	6	1	1	0	58
50	0	40	100	100	60	6	1	1	0	58
50	0	60	100	100	80	6	1	1	0	58
50	0	80	100	100	100	6	1	1	0	58
50	0	100	100	100	120	6	1	1	0	58
50	0	120	100	100	140	6	1	1	0	58
50	0	140	100	100	160	6	1	1	0	58
100	0	0	120	100	50	6	2	2	0	58
100	0	50	120	100	100	6	2	2	0	58
100	0	100	120	100	150	6	2	2	0	58
0	0	0	50	100	20	6	1	1	0	59
0	0	20	50	100	40	6	1	1	0	59
0	0	40	50	100	60	6	1	1	0	59
0	0	60	50	100	80	6	1	1	0	59
0	0	80	50	100	100	6	1	1	0	59
0	0	100	50	100	120	6	1	1	0	59
0	0	120	50	100	140	6	1	1	0	59
0	0	140	50	100	160	6	1	1	0	59
50	0	0	100	100	20	6	1	1	0	59
50	0	20	100	100	40	6	1	1	0	59
50	0	40	100	100	60	6	1	1	0	59
50	0	60	100	100	80	6	1	1	0	59
50	0	80	100	100	100	6	1	1	0	59
50	0	100	100	100	120	6	1	1	0	59
50	0	120	100	100	140	6	1	1	0	59
50	0	140	100	100	160	6	1	1	0	59
100	0	0	120	100	50	6	2	2	0	59
100	0	50	120	100	100	6	2	2	0	59
100	0	100	120	100	150	6	2	2	0	59
0	0	0	50	100	20	6	1	1	0	60
0	0	20	50	100	40	6	1	1	0	60
0	0	40	50	100	60	6	1	1	0	60
0	0	60	50	100	80	6	1	1	0	60
0	0	80	50	100	100	6	1	1	0	60
0	0	100	50	100	120	6	1	1	0	60
0	0	120	50	100	140	6	1	1	0	60
0	0	140	50	100	160	6	1	1	0	60
50	0	0	100	100	20	6	1	1	0	60
50	0	20	100	100	40	6	1	1	0	60
50	0	40	100	100	60	6	1	1	0	60
50	0	60	100	100	80	6	1	1	0	60
50	0	80	100	100	100	6	1	1	0	60
50	0	100	100	100	120	6	1	1	0	60
50	0	120	100	100	140	6	1	1	0	60
50	0	140	100	100	160	6	1	1	0	60
100	0	0	120	100	50	6	2	2	0	60
100	0	50	120	100	100	6	2	2	0	60
100	0	100	120	100	150	6	2	2	0	60
0	0	0	30	50	80	4	1	1	0	61
0	0	80	30	50	160	4	1	1	0	61
30	0	0	60	50	80	4	1	1	0	61
30	0	80	60	50	160	4	1	1	0	61
60	0	0	90	50	80	4	1	1	0	61
60	0	80	90	50	160	4	1	1	0	61
90	0	0	120	50	80	4	1	1	0	61
90	0	80	120	50	160	4	1	1	0	61
0	50	0	100	100	20	6	2	2	0	61
0	50	20	100	100	40	6	2	2	0	61
0	50	40	100	100	60	6	2	2	0	61
0	50	60	100	100	80	6	2	2	0	61
0	50	80	100	100	100	6	2	2	0	61
0	50	100	100	100	120	6	2	2	0	61
0	50	120	100	100	140	6	2	2	0	61
0	50	140	100	100	160	6	2	2	0	61
100	60	0	120	100	150	0	3	3	0	61
0	0	0	70	50	35	3	1	1	0	62
0	0	35	70	50	70	3	1	1	0	62
0	0	70	70	50	105	3	1	1	0	62
0	0	105	70	50	140	3	1	1	0	62
0	50	0	70	100	35	3	1	1	0	62
0	50	35	70	100	70	3	1	1	0	62
0	50	70	70	100	105	3	1	1	0	62
0	50	105	70	100	140	3	1	1	0	62
0	0	140	50	100	160	12	2	2	0	62
70	0	0	120	100	20	6	3	3	0	62
70	0	20	120	100	40	6	3	3	0	62
70	0	40	120	100	60	6	3	3	0	62
70	0	60	120	100	80	6	3	3	0	62
70	0	80	120	100	100	6	3	3	0	62
70	0	100	120	100	120	6	3	3	0	62
70	0	120	120	100	140	6	3	3	0	62
70	0	140	120	100	160	6	3	3	0	62
0	0	0	90	50	25	11	1	1	0	63
0	0	25	90	50	50	11	1	1	0	63
0	0	50	90	50	75	11	1	1	0	63
0	0	75	90	50	100	11	1	1	0	63
0	0	100	90	50	125	11	1	1	0	63
0	0	125	90	50	150	11	1	1	0	63
0	50	0	90	100	25	11	1	1	0	63
0	50	25	90	100	50	11	1	1	0	63
0	50	50	90	100	75	11	1	1	0	63
0	50	75	90	100	100	11	1	1	0	63
0	50	100	90	100	125	11	1	1	0	63
0	50	125	90	100	150	11	1	1	0	63
90	0	0	105	50	110	7	2	2	0	63
90	50	0	105	100	110	7	2	2	0	63
105	0	0	120	50	110	7	2	2	0	63
105	50	0	120	100	110	7	2	2	0	63
90	0	110	115	90	160	5	3	3	0	63
0	0	0	60	50	40	2	1	1	0	64
0	50	0	60	100	40	2	1	1	0	64
60	0	0	120	50	40	2	1	1	0	64
60	50	0	120	100	40	2	1	1	0	64
0	0	40	35	50	110	3	2	2	0	64
0	50	40	35	100	110	3	2	2	0	64
35	0	40	70	50	110	3	2	2	0	64
35	50	40	70	100	110	3	2	2	0	64
70	0	40	105	50	110	3	2	2	0	64
70	50	40	105	100	110	3	2	2	0	64
0	0	110	50	90	135	11	3	3	0	64
0	0	135	50	90	160	11	3	3	0	64
50	0	110	100	90	135	11	3	3	0	64
50	0	135	100	90	160	11	3	3	0	64
105	0	40	120	50	150	13	4	4	0	64
105	50	40	120	100	150	13	4	4	0	64
0	0	0	35	50	70	3	1	1	0	65
0	50	0	35	100	70	3	1	1	0	65
35	0	0	70	50	70	3	1	1	0	65
35	50	0	70	100	70	3	1	1	0	65
70	0	0	105	50	70	3	1	1	0	65
70	50	0	105	100	70	3	1	1	0	65
0	0	70	25	50	160	5	2	2	0	65
0	50	70	25	100	160	5	2	2	0	65
25	0	70	50	50	160	5	2	2	0	65
25	50	70	50	100	160	5	2	2	0	65
50	0	70	75	50	160	5	2	2	0	65
50	50	70	75	100	160	5	2	2	0	65
75	0	70	100	50	160	5	2	2	0	65
75	50	70	100	100	160	5	2	2	0	65
105	0	0	120	50	110	7	3	3	0	65
105	50	0	120	100	110	7	3	3	0	65
0	0	0	35	50	70	3	1	1	0	66
0	50	0	35	100	70	3	1	1	0	66
35	0	0	70	50	70	3	1	1	0	66
35	50	0	70	100	70	3	1	1	0	66
70	0	0	105	50	70	3	1	1	0	66
70	50	0	105	100	70	3	1	1	0	66
0	0	70	50	25	160	5	2	2	0	66
0	25	70	50	50	160	5	2	2	0	66
0	50	70	50	75	160	5	2	2	0	66
0	75	70	50	100	160	5	2	2	0	66
50	0	70	100	25	160	5	2	2	0	66
50	25	70	100	50	160	5	2	2	0	66
50	50	70	100	75	160	5	2	2	0	66
50	75	70	100	100	160	5	2	2	0	66
105	0	0	120	50	110	7	3	3	0	66
105	50	0	120	100	110	7	3	3	0	66
0	0	0	50	50	130	9	1	1	0	67
0	50	0	50	100	130	9	1	1	0	67
50	0	0	100	50	130	9	1	1	0	67
50	50	0	100	100	130	9	1	1	0	67
0	0	130	50	90	155	11	2	2	0	67
50	0	130	100	90	155	11	2	2	0	67
100	0	0	120	40	150	0	3	3	0	67
100	40	0	120	80	150	0	3	3	0	67
0	0	0	50	50	130	9	1	1	0	68
0	50	0	50	100	130	9	1	1	0	68
50	0	0	100	50	130	9	1	1	0	68
50	50	0	100	100	130	9	1	1	0	68
0	0	130	50	90	155	11	2	2	0	68
50	0	130	100	90	155	11	2	2	0	68
100	0	0	120	40	150	0	3	3	0	68
100	40	0	120	80	150	0	3	3	0	68
0	0	0	70	50	35	3	1	1	0	69
0	0	35	70	50	70	3	1	1	0	69
0	0	70	70	50	105	3	1	1	0	69
0	0	105	70	50	140	3	1	1	0	69
0	50	0	70	100	35	3	1	1	0	69
0	50	35	70	100	70	3	1	1	0	69
0	50	70	70	100	105	3	1	1	0	69
0	50	105	70	100	140	3	1	1	0	69
70	0	0	120	50	130	9	2	2	0	69
70	50	0	120	100	130	9	2	2	0	69
70	0	130	120	90	155	5	3	3	0	69
0	0	0	70	50	35	3	1	1	0	70
0	0	35	70	50	70	3	1	1	0	70
0	0	70	70	50	105	3	1	1	0	70
0	0	105	70	50	140	3	1	1	0	70
0	50	0	70	100	35	3	1	1	0	70
0	50	35	70	100	70	3	1	1	0	70
0	50	70	70	100	105	3	1	1	0	70
0	50	105	70	100	140	3	1	1	0	70
70	0	0	120	50	130	9	2	2	0	70
70	50	0	120	100	130	9	2	2	0	70
70	0	130	120	90	155	5	3	3	0	70
0	0	0	70	50	35	3	1	1	0	71
0	0	35	70	50	70	3	1	1	0	71
0	0	70	70	50	105	3	1	1	0	71
0	0	105	70	50	140	3	1	1	0	71
0	50	0	70	100	35	3	1	1	0	71
0	50	35	70	100	70	3	1	1	0	71
0	50	70	70	100	105	3	1	1	0	71
0	50	105	70	100	140	3	1	1	0	71
70	0	0	120	50	130	9	2	2	0	71
70	50	0	120	100	130	9	2	2	0	71
70	0	130	120	90	155	5	3	3	0	71
0	0	0	70	50	35	3	1	1	0	72
0	0	35	70	50	70	3	1	1	0	72
0	0	70	70	50	105	3	1	1	0	72
0	0	105	70	50	140	3	1	1	0	72
0	50	0	70	100	35	3	1	1	0	72
0	50	35	70	100	70	3	1	1	0	72
0	50	70	70	100	105	3	1	1	0	72
0	50	105	70	100	140	3	1	1	0	72
70	0	0	120	50	130	9	2	2	0	72
70	50	0	120	100	130	9	2	2	0	72
70	0	130	120	90	155	5	3	3	0	72
0	0	0	70	50	35	3	1	1	0	73
0	0	35	70	50	70	3	1	1	0	73
0	0	70	70	50	105	3	1	1	0	73
0	0	105	70	50	140	3	1	1	0	73
0	50	0	70	100	35	3	1	1	0	73
0	50	35	70	100	70	3	1	1	0	73
0	50	70	70	100	105	3	1	1	0	73
0	50	105	70	100	140	3	1	1	0	73
70	0	0	120	50	130	9	2	2	0	73
70	50	0	120	100	130	9	2	2	0	73
70	0	130	120	90	155	5	3	3	0	73
0	0	0	70	50	35	3	1	1	0	74
0	0	35	70	50	70	3	1	1	0	74
0	0	70	70	50	105	3	1	1	0	74
0	0	105	70	50	140	3	1	1	0	74
0	50	0	70	100	35	3	1	1	0	74
0	50	35	70	100	70	3	1	1	0	74
0	50	70	70	100	105	3	1	1	0	74
0	50	105	70	100	140	3	1	1	0	74
70	0	0	120	50	130	9	2	2	0	74
70	50	0	120	100	130	9	2	2	0	74
70	0	130	120	90	155	5	3	3	0	74
0	0	0	70	50	35	3	1	1	0	75
0	0	35	70	50	70	3	1	1	0	75
0	0	70	70	50	105	3	1	1	0	75
0	0	105	70	50	140	3	1	1	0	75
0	50	0	70	100	35	3	1	1	0	75
0	50	35	70	100	70	3	1	1	0	75
0	50	70	70	100	105	3	1	1	0	75
0	50	105	70	100	140	3	1	1	0	75
70	0	0	120	50	130	9	2	2	0	75
70	50	0	120	100	130	9	2	2	0	75
70	0	130	120	90	155	5	3	3	0	75
0	0	0	70	50	35	3	1	1	0	76
0	0	35	70	50	70	3	1	1	0	76
0	0	70	70	50	105	3	1	1	0	76
0	0	105	70	50	140	3	1	1	0	76
0	50	0	70	100	35	3	1	1	0	76
0	50	35	70	100	70	3	1	1	0	76
0	50	70	70	100	105	3	1	1	0	76
0	50	105	70	100	140	3	1	1	0	76
70	0	0	120	50	130	9	2	2	0	76
70	50	0	120	100	130	9	2	2	0	76
70	0	130	120	90	155	5	3	3	0	76
0	0	0	70	50	35	3	1	1	0	77
0	0	35	70	50	70	3	1	1	0	77
0	0	70	70	50	105	3	1	1	0	77
0	0	105	70	50	140	3	1	1	0	77
0	50	0	70	100	35	3	1	1	0	77
0	50	35	70	100	70	3	1	1	0	77
0	50	70	70	100	105	3	1	1	0	77
0	50	105	70	100	140	3	1	1	0	77
70	0	0	120	50	130	9	2	2	0	77
70	50	0	120	100	130	9	2	2	0	77
70	0	130	120	90	155	5	3	3	0	77
0	0	0	90	50	25	5	1	1	0	78
0	0	25	90	50	50	5	1	1	0	78
0	0	50	90	50	75	5	1	1	0	78
0	0	75	90	50	100	5	1	1	0	78
0	0	100	90	50	125	5	1	1	0	78
0	0	125	90	50	150	5	1	1	0	78
0	50	0	90	100	25	5	1	1	0	78
0	50	25	90	100	50	5	1	1	0	78
0	50	50	90	100	75	5	1	1	0	78
0	50	75	90	100	100	5	1	1	0	78
0	50	100	90	100	125	5	1	1	0	78
0	50	125	90	100	150	5	1	1	0	78
90	0	0	115	90	50	5	2	2	0	78
90	0	50	115	90	100	5	2	2	0	78
90	0	100	115	90	150	5	2	2	0	78
0	0	0	90	50	25	5	1	1	0	79
0	0	25	90	50	50	5	1	1	0	79
0	0	50	90	50	75	5	1	1	0	79
0	0	75	90	50	100	5	1	1	0	79
0	0	100	90	50	125	5	1	1	0	79
0	0	125	90	50	150	5	1	1	0	79
0	50	0	90	100	25	5	1	1	0	79
0	50	25	90	100	50	5	1	1	0	79
0	50	50	90	100	75	5	1	1	0	79
0	50	75	90	100	100	5	1	1	0	79
0	50	100	90	100	125	5	1	1	0	79
0	50	125	90	100	150	5	1	1	0	79
90	0	0	115	90	50	5	2	2	0	79
90	0	50	115	90	100	5	2	2	0	79
90	0	100	115	90	150	5	2	2	0	79
0	0	0	90	50	25	5	1	1	0	80
0	0	25	90	50	50	5	1	1	0	80
0	0	50	90	50	75	5	1	1	0	80
0	0	75	90	50	100	5	1	1	0	80
0	0	100	90	50	125	5	1	1	0	80
0	0	125	90	50	150	5	1	1	0	80
0	50	0	90	100	25	5	1	1	0	80
0	50	25	90	100	50	5	1	1	0	80
0	50	50	90	100	75	5	1	1	0	80
0	50	75	90	100	100	5	1	1	0	80
0	50	100	90	100	125	5	1	1	0	80
0	50	125	90	100	150	5	1	1	0	80
90	0	0	115	90	50	5	2	2	0	80
90	0	50	115	90	100	5	2	2	0	80
90	0	100	115	90	150	5	2	2	0	80
0	0	0	90	50	25	5	1	1	0	81
0	0	25	90	50	50	5	1	1	0	81
0	0	50	90	50	75	5	1	1	0	81
0	0	75	90	50	100	5	1	1	0	81
0	0	100	90	50	125	5	1	1	0	81
0	0	125	90	50	150	5	1	1	0	81
0	50	0	90	100	25	5	1	1	0	81
0	50	25	90	100	50	5	1	1	0	81
0	50	50	90	100	75	5	1	1	0	81
0	50	75	90	100	100	5	1	1	0	81
0	50	100	90	100	125	5	1	1	0	81
0	50	125	90	100	150	5	1	1	0	81
90	0	0	115	90	50	5	2	2	0	81
90	0	50	115	90	100	5	2	2	0	81
90	0	100	115	90	150	5	2	2	0	81
0	0	0	90	50	25	5	1	1	0	82
0	0	25	90	50	50	5	1	1	0	82
0	0	50	90	50	75	5	1	1	0	82
0	0	75	90	50	100	5	1	1	0	82
0	0	100	90	50	125	5	1	1	0	82
0	0	125	90	50	150	5	1	1	0	82
0	50	0	90	100	25	5	1	1	0	82
0	50	25	90	100	50	5	1	1	0	82
0	50	50	90	100	75	5	1	1	0	82
0	50	75	90	100	100	5	1	1	0	82
0	50	100	90	100	125	5	1	1	0	82
0	50	125	90	100	150	5	1	1	0	82
90	0	0	115	90	50	5	2	2	0	82
90	0	50	115	90	100	5	2	2	0	82
90	0	100	115	90	150	5	2	2	0	82
0	0	0	90	50	25	5	1	1	0	83
0	0	25	90	50	50	5	1	1	0	83
0	0	50	90	50	75	5	1	1	0	83
0	0	75	90	50	100	5	1	1	0	83
0	0	100	90	50	125	5	1	1	0	83
0	0	125	90	50	150	5	1	1	0	83
0	50	0	90	100	25	5	1	1	0	83
0	50	25	90	100	50	5	1	1	0	83
0	50	50	90	100	75	5	1	1	0	83
0	50	75	90	100	100	5	1	1	0	83
0	50	100	90	100	125	5	1	1	0	83
0	50	125	90	100	150	5	1	1	0	83
90	0	0	115	90	50	5	2	2	0	83
90	0	50	115	90	100	5	2	2	0	83
90	0	100	115	90	150	5	2	2	0	83
0	0	0	90	50	25	5	1	1	0	84
0	0	25	90	50	50	5	1	1	0	84
0	0	50	90	50	75	5	1	1	0	84
0	0	75	90	50	100	5	1	1	0	84
0	0	100	90	50	125	5	1	1	0	84
0	0	125	90	50	150	5	1	1	0	84
0	50	0	90	100	25	5	1	1	0	84
0	50	25	90	100	50	5	1	1	0	84
0	50	50	90	100	75	5	1	1	0	84
0	50	75	90	100	100	5	1	1	0	84
0	50	100	90	100	125	5	1	1	0	84
0	50	125	90	100	150	5	1	1	0	84
90	0	0	115	90	50	5	2	2	0	84
90	0	50	115	90	100	5	2	2	0	84
90	0	100	115	90	150	5	2	2	0	84
0	0	0	90	50	25	5	1	1	0	85
0	0	25	90	50	50	5	1	1	0	85
0	0	50	90	50	75	5	1	1	0	85
0	0	75	90	50	100	5	1	1	0	85
0	0	100	90	50	125	5	1	1	0	85
0	0	125	90	50	150	5	1	1	0	85
0	50	0	90	100	25	5	1	1	0	85
0	50	25	90	100	50	5	1	1	0	85
0	50	50	90	100	75	5	1	1	0	85
0	50	75	90	100	100	5	1	1	0	85
0	50	100	90	100	125	5	1	1	0	85
0	50	125	90	100	150	5	1	1	0	85
90	0	0	115	90	50	5	2	2	0	85
90	0	50	115	90	100	5	2	2	0	85
90	0	100	115	90	150	5	2	2	0	85
0	0	0	90	50	25	5	1	1	0	86
0	0	25	90	50	50	5	1	1	0	86
0	0	50	90	50	75	5	1	1	0	86
0	0	75	90	50	100	5	1	1	0	86
0	0	100	90	50	125	5	1	1	0	86
0	0	125	90	50	150	5	1	1	0	86
0	50	0	90	100	25	5	1	1	0	86
0	50	25	90	100	50	5	1	1	0	86
0	50	50	90	100	75	5	1	1	0	86
0	50	75	90	100	100	5	1	1	0	86
0	50	100	90	100	125	5	1	1	0	86
0	50	125	90	100	150	5	1	1	0	86
90	0	0	115	90	50	5	2	2	0	86
90	0	50	115	90	100	5	2	2	0	86
90	0	100	115	90	150	5	2	2	0	86
0	0	0	90	50	25	5	1	1	0	87
0	0	25	90	50	50	5	1	1	0	87
0	0	50	90	50	75	5	1	1	0	87
0	0	75	90	50	100	5	1	1	0	87
0	0	100	90	50	125	5	1	1	0	87
0	0	125	90	50	150	5	1	1	0	87
0	50	0	90	100	25	5	1	1	0	87
0	50	25	90	100	50	5	1	1	0	87
0	50	50	90	100	75	5	1	1	0	87
0	50	75	90	100	100	5	1	1	0	87
0	50	100	90	100	125	5	1	1	0	87
0	50	125	90	100	150	5	1	1	0	87
90	0	0	115	90	50	5	2	2	0	87
90	0	50	115	90	100	5	2	2	0	87
90	0	100	115	90	150	5	2	2	0	87
0	0	0	90	50	25	5	1	1	0	88
0	0	25	90	50	50	5	1	1	0	88
0	0	50	90	50	75	5	1	1	0	88
0	0	75	90	50	100	5	1	1	0	88
0	0	100	90	50	125	5	1	1	0	88
0	0	125	90	50	150	5	1	1	0	88
0	50	0	90	100	25	5	1	1	0	88
0	50	25	90	100	50	5	1	1	0	88
0	50	50	90	100	75	5	1	1	0	88
0	50	75	90	100	100	5	1	1	0	88
0	50	100	90	100	125	5	1	1	0	88
0	50	125	90	100	150	5	1	1	0	88
90	0	0	115	90	50	5	2	2	0	88
90	0	50	115	90	100	5	2	2	0	88
90	0	100	115	90	150	5	2	2	0	88
0	0	0	50	50	130	15	1	1	0	89
0	50	0	50	100	130	15	1	1	0	89
50	0	0	100	50	130	15	1	1	0	89
50	50	0	100	100	130	15	1	1	0	89
0	0	130	90	50	155	5	2	2	0	89
0	50	130	90	100	155	5	2	2	0	89
100	0	0	115	50	110	13	3	3	0	89
0	0	0	50	50	130	15	1	1	0	90
0	50	0	50	100	130	15	1	1	0	90
50	0	0	100	50	130	15	1	1	0	90
50	50	0	100	100	130	15	1	1	0	90
0	0	130	90	50	155	5	2	2	0	90
0	50	130	90	100	155	5	2	2	0	90
0	0	0	50	50	130	9	1	1	0	91
0	50	0	50	100	130	9	1	1	0	91
50	0	0	100	50	130	9	1	1	0	91
50	50	0	100	100	130	9	1	1	0	91
0	0	130	90	50	155	5	2	2	0	91
0	50	130	90	100	155	5	2	2	0	91
0	0	0	35	50	70	3	1	1	0	92
35	0	0	70	50	70	3	1	1	0	92
0	50	0	50	100	130	9	2	2	0	92
50	50	0	100	100	130	9	2	2	0	92
0	50	130	90	100	155	5	3	3	0	92
0	0	70	60	50	110	2	4	4	0	92
0	0	110	60	50	150	2	4	4	0	92
70	0	0	120	50	130	9	5	5	0	92
0	0	0	50	50	130	9	1	1	0	93
0	50	0	50	100	130	9	1	1	0	93
50	0	0	100	50	130	9	1	1	0	93
50	50	0	100	100	130	9	1	1	0	93
0	0	130	90	50	155	5	2	2	0	93
0	50	130	90	100	155	5	2	2	0	93
0	0	0	50	50	130	15	1	1	0	94
0	50	0	50	100	130	15	1	1	0	94
50	0	0	100	50	130	15	2	2	0	94
50	50	0	100	100	130	15	2	2	0	94
0	0	0	50	50	130	15	1	1	0	95
0	50	0	50	100	130	15	1	1	0	95
50	0	0	100	50	130	15	2	2	0	95
50	50	0	100	100	130	15	2	2	0	95
0	0	0	50	50	130	15	1	1	0	96
0	50	0	50	100	130	15	1	1	0	96
50	0	0	100	50	130	15	2	2	0	96
50	50	0	100	100	130	15	2	2	0	96
0	0	0	50	50	130	15	1	1	0	97
0	50	0	50	100	130	15	1	1	0	97
50	0	0	100	50	130	15	2	2	0	97
50	50	0	100	100	130	15	2	2	0	97
0	0	0	50	50	130	15	1	1	0	98
0	50	0	50	100	130	15	1	1	0	98
50	0	0	100	50	130	15	2	2	0	98
50	50	0	100	100	130	15	2	2	0	98
0	0	0	50	50	130	15	1	1	0	99
0	50	0	50	100	130	15	1	1	0	99
50	0	0	100	50	130	15	2	2	0	99
50	50	0	100	100	130	15	2	2	0	99
0	0	0	50	50	130	15	1	1	0	100
0	50	0	50	100	130	15	1	1	0	100
50	0	0	100	50	130	15	2	2	0	100
50	50	0	100	100	130	15	2	2	0	100
0	0	0	50	50	130	15	1	1	0	101
0	50	0	50	100	130	15	1	1	0	101
50	0	0	100	50	130	15	2	2	0	101
50	50	0	100	100	130	15	2	2	0	101
0	0	0	50	50	130	15	1	1	0	102
0	50	0	50	100	130	15	1	1	0	102
50	0	0	100	50	130	15	2	2	0	102
50	50	0	100	100	130	15	2	2	0	102
0	0	0	50	50	130	15	1	1	0	103
0	50	0	50	100	130	15	1	1	0	103
50	0	0	100	50	130	15	2	2	0	103
50	50	0	100	100	130	15	2	2	0	103
0	0	0	50	50	130	15	1	1	0	104
0	50	0	50	100	130	15	1	1	0	104
50	0	0	100	50	130	9	2	2	0	104
50	50	0	100	100	130	9	2	2	0	104
0	0	0	50	50	45	1	1	1	0	105
0	50	0	50	100	45	1	1	1	0	105
50	0	0	100	50	130	9	2	2	0	105
50	50	0	100	100	45	1	3	3	0	105
0	0	0	45	50	50	1	1	1	0	106
0	50	0	45	100	50	1	1	1	0	106
45	0	0	90	50	50	1	1	1	0	106
45	50	0	90	100	50	1	1	1	0	106
0	0	0	45	50	50	1	1	1	0	107
0	50	0	45	100	50	1	1	1	0	107
45	0	0	90	50	50	1	1	1	0	107
45	50	0	90	100	50	1	1	1	0	107
0	0	0	45	50	50	1	1	1	0	108
0	50	0	45	100	50	1	1	1	0	108
45	0	0	90	50	50	1	1	1	0	108
45	50	0	90	100	50	1	1	1	0	108
0	0	0	45	50	50	1	1	1	0	109
0	50	0	45	100	50	1	1	1	0	109
45	0	0	90	50	50	1	1	1	0	109
45	50	0	90	100	50	1	1	1	0	109