1,01505 2,27 2,43
IdPieza; Tipo; nombre; Cantidad; Peso; Rotación; x; y; z
0;1;Item0;20;1;1;50;50;50
1;2;Item1;10;1;0;50;50;50
	
2
64
2
32
20 10
0 1 2 3 4 5 6 7 8 9 10 11 12 13 14 15 16 17 18 19 20 21 22 23 24 25 26 27 28 29 30 31 32 33 34 35 36 37 38 39 40 41 42 43 44 45 46 47 48 49 50 51 52 53 54 55 56 57 58 59 60 61 62 63
16
0 0 0
0 0 90
0 0 180
0 0 270
0 90 0
0 90 90
0 90 180
0 90 270
0 180 0
0 180 90
0 180 180
0 180 270
0 270 0
0 270 90
0 270 180
0 270 270
90 0 0
90 0 90
90 0 180
90 0 270
90 90 0
90 90 90
90 90 180
90 90 270
90 180 0
90 180 90
90 180 180
90 180 270
90 270 0
90 270 90
90 270 180
90 270 270
180 0 0
180 0 90
180 0 180
180 0 270
180 90 0
180 90 90
180 90 180
180 90 270
180 180 0
180 180 90
180 180 180
180 180 270
180 270 0
180 270 90
180 270 180
180 270 270
270 0 0
270 0 90
270 0 180
270 0 270
270 90 0
270 90 90
270 90 180
270 90 270
270 180 0
270 180 90
270 180 180
270 180 270
270 270 0
270 270 90
270 270 180
270 270 270
0
1
0 1 2 3 4 5 6 7
8 9 10 11 12 13 14 15 16 17 18 19 20 21 22 23 24 25 26 27 28 29 30 31
0 0 0
50 0 0
0 50 0
50 50 0
0 0 50
50 0 50
0 50 50
50 50 50
0 0 0
0 0 50
-3,467518 12,94095 0
-3,467518 12,94095 50
-12,94095 22,41439 0
-12,94095 22,41439 50
-25,88191 25,8819 0
-25,88191 25,8819 50
-38,82286 22,41439 0
-38,82286 22,41439 50
-48,29629 12,94095 0
-48,29629 12,94095 50
-51,76381 -2,262668E-06 0
-51,76381 -2,262668E-06 50
-48,29629 -12,94096 0
-48,29629 -12,94096 50
-38,82285 -22,41439 0
-38,82285 -22,41439 50
-25,8819 -25,8819 0
-25,8819 -25,8819 50
-12,94095 -22,41439 0
-12,94095 -22,41439 50
-3,467514 -12,94095 0
-3,467514 -12,94095 50
	
Time: 10005
Volumen ocupado = 3.47e+06
243	227	100
Id	Piece	in	x	y	z	qw	qx	qy	qz
0	0	1	101	100	0	1	0	0	0
1	0	1	51	100	0	1	0	0	0
2	0	1	0	150	0	1	0	0	0
3	0	1	151	150	0	1	0	0	0
4	0	1	50	150	0	1	0	0	0
5	0	1	100	150	0	1	0	0	0
6	0	1	0	0	50	1	0	0	0
7	0	1	150	0	50	1	0	0	0
8	0	1	50	0	50	1	0	0	0
9	0	1	100	0	50	1	0	0	0
10	0	1	0	50	50	1	0	0	0
11	0	1	50	50	50	1	0	0	0
12	0	1	100	50	50	1	0	0	0
13	0	1	150	50	50	1	0	0	0
14	0	1	0	100	50	1	0	0	0
15	0	1	50	100	50	1	0	0	0
16	0	1	100	100	50	1	0	0	0
17	0	1	150	100	50	1	0	0	0
18	0	1	0	150	50	1	0	0	0
19	0	1	50	150	50	1	0	0	0
20	1	1	51	50	25	0.707107	0.707107	0	0
21	1	1	102	50	25	0.707107	0.707107	0	0
22	1	1	223	50	25	0.707107	0.707107	0	0
23	1	1	236	150	25	0.707107	0.707107	0	0
24	1	1	153	50	25	0.707107	0.707107	0	0
25	1	1	102	100	25	0.707107	0.707107	0	0
26	1	1	51	100	25	0.707107	0.707107	0	0
27	1	1	51	150	25	0.707107	0.707107	0	0
28	1	1	153	100	25	0.707107	0.707107	0	0
29	1	1	223	100	25	0.707107	0.707107	0	0
