17	3	1350	240	245
56515366	51498226
0	0	0	149	148	154	15	1	0	0	0	0
0	0	154	122	123	240	8	2	0	0	0	0
0	172	0	61	240	69	5	3	0	0	0	0
61	172	0	122	240	69	5	3	0	0	0	0
122	172	0	183	240	69	5	3	0	0	0	0
183	172	0	244	240	69	5	3	0	0	0	0
244	172	0	305	240	69	5	3	0	0	0	0
305	172	0	366	240	69	5	3	0	0	0	0
366	172	0	427	240	69	5	3	0	0	0	0
427	172	0	488	240	69	5	3	0	0	0	0
0	179	69	54	240	129	4	4	0	0	0	0
54	179	69	108	240	129	4	4	0	0	0	0
108	179	69	162	240	129	4	4	0	0	0	0
162	179	69	216	240	129	4	4	0	0	0	0
149	0	0	297	154	149	15	5	0	0	0	0
297	0	0	445	154	149	15	5	0	0	0	0
149	0	149	244	136	239	9	6	0	0	0	0
244	0	149	339	136	239	9	6	0	0	0	0
339	0	149	434	136	239	9	6	0	0	0	0
445	0	0	625	163	171	16	7	1	0	0	0
445	0	171	512	77	245	6	8	1	0	0	0
445	77	171	512	154	245	6	8	1	0	0	0
512	0	171	579	77	245	6	8	1	0	0	0
512	77	171	579	154	245	6	8	1	0	0	0
488	173	0	565	240	74	6	9	1	0	0	0
488	173	74	565	240	148	6	9	1	0	0	0
579	0	171	622	41	207	0	10	1	0	0	0
579	0	207	622	41	243	0	10	1	0	0	0
579	41	171	622	82	207	0	10	1	0	0	0
579	41	207	622	82	243	0	10	1	0	0	0
579	82	171	622	123	207	0	10	1	0	0	0
579	82	207	622	123	243	0	10	1	0	0	0
488	191	148	538	240	192	2	11	1	0	0	0
488	191	192	538	240	236	2	11	1	0	0	0
565	165	0	651	240	85	7	12	1	0	0	0
565	165	85	651	240	170	7	12	1	0	0	0
565	168	170	606	204	213	0	13	1	0	0	0
565	204	170	606	240	213	0	13	1	0	0	0
606	168	170	647	204	213	0	13	1	0	0	0
606	204	170	647	240	213	0	13	1	0	0	0
625	0	0	803	96	200	10	14	1	0	0	0
803	0	0	981	96	200	10	14	1	0	0	0
981	0	0	1159	96	200	10	14	1	0	0	0
1159	0	0	1337	96	200	10	14	1	0	0	0
625	124	0	671	165	45	1	15	1	0	0	0
625	124	45	671	165	90	1	15	1	0	0	0
625	124	90	671	165	135	1	15	1	0	0	0
625	124	135	671	165	180	1	15	1	0	0	0
625	0	200	668	36	241	0	16	1	0	0	0
668	0	200	711	36	241	0	16	1	0	0	0
625	36	200	675	85	244	2	17	1	0	0	0
675	36	200	725	85	244	2	17	1	0	0	0
671	124	0	833	240	116	12	18	1	0	0	0
833	124	0	995	240	116	12	18	1	0	0	0
995	124	0	1157	240	116	12	18	1	0	0	0
671	142	116	818	240	223	11	19	1	0	0	0
818	142	116	965	240	223	11	19	1	0	0	0
965	142	116	1112	240	223	11	19	1	0	0	0
1157	104	0	1295	240	197	14	20	1	0	0	0
17	3

1350	240	245

0	41	1	43	1	36	1	12	10000	4000000	4000000	4000000	1	0	Item 0

1	45	1	46	1	41	1	4	10000	4000000	4000000	4000000	1	0	Item 1

2	49	1	50	1	44	1	4	10000	4000000	4000000	4000000	1	0	Item 2

3	55	1	55	1	49	1	4	10000	4000000	4000000	4000000	2	0	Item 3

4	60	1	61	1	54	1	4	10000	4000000	4000000	4000000	0	0	Item 4

5	68	1	69	1	61	1	8	10000	4000000	4000000	4000000	0	0	Item 5

6	74	1	77	1	67	1	6	10000	4000000	4000000	4000000	1	0	Item 6

7	85	1	86	1	75	1	2	10000	4000000	4000000	4000000	1	0	Item 7

8	86	1	123	1	122	1	1	10000	4000000	4000000	4000000	0	0	Item 8

9	90	1	95	1	136	1	3	10000	4000000	4000000	4000000	0	0	Item 9

10	96	1	200	1	178	1	5	10000	4000000	4000000	4000000	1	0	Item 10

11	98	1	107	1	147	1	3	10000	4000000	4000000	4000000	1	0	Item 11

12	116	1	116	1	162	1	3	10000	4000000	4000000	4000000	1	0	Item 12

13	120	1	126	1	176	1	3	10000	4000000	4000000	4000000	2	0	Item 13

14	136	1	138	1	197	1	1	10000	4000000	4000000	4000000	1	0	Item 14

15	149	1	154	1	148	1	3	10000	4000000	4000000	4000000	0	0	Item 15

16	171	1	180	1	163	1	1	10000	4000000	4000000	4000000	1	0	Item 16

