7	7	220	243	227
8125000	6820000
0	0	0	50	50	30	6	1	1	0	0	0
50	0	0	100	50	30	6	1	1	0	0	0
100	0	0	150	50	30	6	1	1	0	0	0
150	0	0	200	50	30	6	1	1	0	0	0
0	143	0	110	193	10	5	2	2	0	0	0
0	193	0	110	243	10	5	2	2	0	0	0
110	143	0	220	193	10	5	2	2	0	0	0
110	193	0	220	243	10	5	2	2	0	0	0
0	143	10	200	193	50	1	3	3	0	0	0
0	143	50	200	193	90	1	3	3	0	0	0
0	143	90	200	193	130	1	3	3	0	0	0
0	143	130	200	193	170	1	3	3	0	0	0
0	143	170	200	193	210	1	3	3	0	0	0
0	193	10	200	243	50	1	3	3	0	0	0
0	193	50	200	243	90	1	3	3	0	0	0
0	193	90	200	243	130	1	3	3	0	0	0
0	193	130	200	243	170	1	3	3	0	0	0
0	193	170	200	243	210	1	3	3	0	0	0
0	0	30	200	50	70	1	4	4	0	0	0
0	0	70	200	50	110	1	4	4	0	0	0
0	0	110	200	50	150	1	4	4	0	0	0
0	0	150	200	50	190	1	4	4	0	0	0
0	0	190	70	50	220	3	5	5	0	0	0
0	50	0	50	95	100	0	6	6	0	0	0
0	95	0	50	140	100	0	6	6	0	0	0
50	50	0	100	95	100	0	6	6	0	0	0
50	95	0	100	140	100	0	6	6	0	0	0
100	50	0	150	95	100	0	6	6	0	0	0
100	95	0	150	140	100	0	6	6	0	0	0
150	50	0	200	95	100	0	6	6	0	0	0
150	95	0	200	140	100	0	6	6	0	0	0
70	0	190	150	50	215	4	7	7	0	0	0
7	1

220	243	227

0	50	0	100	1	45	1	10	10000	4000000	0	0	0	0	Tv

1	50	1	200	0	40	1	15	10000	0	4000000	5	0	0	Bed

2	50	0	60	0	35	1	2	10000	4000000	4000000	16	0	0	Chair

3	50	1	70	1	30	1	1	10000	4000000	4000000	4000000	0	0	Item 4

4	50	1	80	1	25	1	1	10000	4000000	4000000	4000000	0	0	Item 5

5	50	1	110	1	10	1	5	10000	4000000	4000000	4000000	0	0	Item 8

6	50	1	30	1	50	1	4	10000	4000000	4000000	4000000	0	0	Item 9

