5
64
5
56
5 4 5 5 5
0 4 8 12
0 1 2 3 4 5 6 7 8 9 10 11 12 13 14 15 16 17 18 19 20 21 22 23 24 25 26 27 28 29 30 31 32 33 34 35 36 37 38 39 40 41 42 43 44 45 46 47 48 49 50 51 52 53 54 55 56 57 58 59 60 61 62 63
0 4 8 12
0 1 2 3 4 5 6 7 8 9 10 11 12 13 14 15 16 17 18 19 20 21 22 23 24 25 26 27 28 29 30 31 32 33 34 35 36 37 38 39 40 41 42 43 44 45 46 47 48 49 50 51 52 53 54 55 56 57 58 59 60 61 62 63
0 1 2 3 4 5 6 7 8 9 10 11 12 13 14 15 16 17 18 19 20 21 22 23 24 25 26 27 28 29 30 31 32 33 34 35 36 37 38 39 40 41 42 43 44 45 46 47 48 49 50 51 52 53 54 55 56 57 58 59 60 61 62 63
0 0 0
0 0 90
0 0 180
0 0 270
0 90 0
0 90 90
0 90 180
0 90 270
0 180 0
0 180 90
0 180 180
0 180 270
0 270 0
0 270 90
0 270 180
0 270 270
90 0 0
90 0 90
90 0 180
90 0 270
90 90 0
90 90 90
90 90 180
90 90 270
90 180 0
90 180 90
90 180 180
90 180 270
90 270 0
90 270 90
90 270 180
90 270 270
180 0 0
180 0 90
180 0 180
180 0 270
180 90 0
180 90 90
180 90 180
180 90 270
180 180 0
180 180 90
180 180 180
180 180 270
180 270 0
180 270 90
180 270 180
180 270 270
270 0 0
270 0 90
270 0 180
270 0 270
270 90 0
270 90 90
270 90 180
270 90 270
270 180 0
270 180 90
270 180 180
270 180 270
270 270 0
270 270 90
270 270 180
270 270 270
0
1
2
3
4
0 1 2 3 4 5 6 7 8
9 10 11 12 13 14 15 16 17 18 19 20 21 22 23 24 25 26 27 28 29 30 31 32
33 34 35 36 37 38 39
40 41 42 43 44 45 46 47
48 49 50 51 52 53 54 55
0 0 0
50 0 0
0 90 0
50 89 0
0 0 89
50 0 89
0 89 89
50 89 89
50 100 89
0 0 0
0 0 26
-5,548029 20,70552 0
-5,548029 20,70552 26
-20,70553 35,86302 0
-20,70553 35,86302 26
-41,41105 41,41105 0
-41,41105 41,41105 26
-62,11658 35,86302 0
-62,11658 35,86302 26
-77,27407 20,70553 0
-77,27407 20,70553 26
-82,8221 -3,620269E-06 0
-82,8221 -3,620269E-06 26
-77,27406 -20,70553 0
-77,27406 -20,70553 26
-62,11657 -35,86302 0
-62,11657 -35,86302 26
-41,41105 -41,41105 0
-41,41105 -41,41105 26
-20,70553 -35,86302 0
-20,70553 -35,86302 26
-5,548022 -20,70551 0
-5,548022 -20,70551 26
0 0 0
50 0 0
0 100 0
50 89 0
0 0 89
50 0 89
0 100 89
0 0 0
12 0 0
0 89 0
12 89 0
0 0 25
12 0 25
0 89 25
12 89 25
0 0 0
70 0 0
0 110 0
70 110 0
0 0 110
70 0 110
0 110 110
70 110 110
