132	1	1203	235	239
0	99999
0	0	0	120	100	160	92	1	1	0	0
0	115	0	100	235	160	0	2	2	0	0
100	115	0	200	235	160	1	3	3	0	0
120	0	0	240	100	160	2	4	4	0	0
200	115	0	300	235	160	3	5	5	0	0
240	0	0	360	100	160	4	6	6	0	0
300	115	0	400	235	160	5	7	7	0	0
360	0	0	480	100	160	6	8	8	0	0
400	115	0	500	235	160	7	9	9	0	0
480	0	0	600	100	160	8	10	10	0	0
500	115	0	600	235	160	9	11	11	0	0
600	0	0	700	120	160	10	12	12	0	0
600	135	0	720	235	160	11	13	13	0	0
700	0	0	800	120	160	12	14	14	0	0
720	135	0	840	235	160	13	15	15	0	0
800	0	0	900	120	160	14	16	16	0	0
840	135	0	960	235	160	15	17	17	0	0
900	0	0	1000	120	160	16	18	18	0	0
960	135	0	1080	235	160	17	19	19	0	0
1000	0	0	1100	120	160	18	20	20	0	0
1080	135	0	1200	235	160	19	21	21	0	0
1100	0	0	1200	120	160	20	22	22	0	0
0	0	0	120	100	160	75	1	1	0	1
0	115	0	100	235	160	21	2	2	0	1
100	115	0	200	235	160	22	3	3	0	1
120	0	0	240	100	160	23	4	4	0	1
200	115	0	300	235	160	24	5	5	0	1
240	0	0	360	100	160	25	6	6	0	1
300	115	0	400	235	160	26	7	7	0	1
360	0	0	480	100	160	27	8	8	0	1
400	115	0	500	235	160	28	9	9	0	1
480	0	0	600	100	160	29	10	10	0	1
500	115	0	600	235	160	30	11	11	0	1
600	0	0	700	120	160	31	12	12	0	1
600	135	0	720	235	160	32	13	13	0	1
700	0	0	800	120	160	33	14	14	0	1
720	135	0	840	235	160	34	15	15	0	1
800	0	0	900	120	160	35	16	16	0	1
840	135	0	960	235	160	36	17	17	0	1
900	0	0	1000	120	160	37	18	18	0	1
960	135	0	1080	235	160	38	19	19	0	1
1000	0	0	1100	120	160	39	20	20	0	1
1080	135	0	1200	235	160	40	21	21	0	1
1100	0	0	1200	120	160	41	22	22	0	1
0	0	0	120	100	160	131	1	1	1	2
0	115	0	100	235	160	130	2	2	1	2
100	115	0	200	235	160	129	3	3	1	2
120	0	0	240	100	160	127	4	4	1	2
200	115	0	300	235	160	128	5	5	1	2
240	0	0	360	100	160	126	6	6	1	2
300	115	0	400	235	160	125	7	7	1	2
360	0	0	480	100	160	123	8	8	1	2
400	115	0	500	235	160	124	9	9	1	2
0	0	0	120	100	160	106	1	1	1	3
0	115	0	100	235	160	42	2	2	1	3
100	115	0	200	235	160	43	3	3	1	3
120	0	0	240	100	160	44	4	4	1	3
200	115	0	300	235	160	45	5	5	1	3
240	0	0	360	100	160	46	6	6	1	3
300	115	0	400	235	160	47	7	7	1	3
360	0	0	480	100	160	48	8	8	1	3
400	115	0	500	235	160	49	9	9	1	3
509	0	0	629	100	160	50	10	0	1	132
630	0	0	750	100	160	51	11	0	1	132
751	0	0	871	100	160	52	12	0	1	132
872	0	0	992	100	160	53	13	0	1	132
993	0	0	1113	100	160	54	14	0	1	132
1114	0	0	1234	100	160	55	15	0	1	132
1235	0	0	1355	100	160	56	16	0	1	132
1356	0	0	1476	100	160	57	17	0	1	132
1477	0	0	1597	100	160	58	18	0	1	132
1598	0	0	1718	100	160	59	19	0	1	132
1719	0	0	1839	100	160	60	20	0	1	132
1840	0	0	1960	100	160	61	21	0	1	132
1961	0	0	2081	100	160	62	22	0	1	132
2082	0	0	2202	100	160	63	23	0	1	132
2203	0	0	2323	100	160	64	24	0	1	132
2324	0	0	2444	100	160	65	25	0	1	132
2445	0	0	2565	100	160	66	26	0	1	132
2566	0	0	2686	100	160	67	27	0	1	132
2687	0	0	2807	100	160	68	28	0	1	132
2808	0	0	2928	100	160	69	29	0	1	132
2929	0	0	3049	100	160	70	30	0	1	132
3050	0	0	3170	100	160	71	31	0	1	132
3171	0	0	3291	100	160	72	32	0	1	132
3292	0	0	3412	100	160	73	33	0	1	132
3413	0	0	3533	100	160	74	34	0	1	132
3534	0	0	3654	100	160	76	35	0	1	132
3655	0	0	3775	100	160	77	36	0	1	132
3776	0	0	3896	100	160	78	37	0	1	132
3897	0	0	4017	100	160	79	38	0	1	132
4018	0	0	4138	100	160	80	39	0	1	132
4139	0	0	4259	100	160	81	40	0	1	132
4260	0	0	4380	100	160	82	41	0	1	132
4381	0	0	4501	100	160	83	42	0	1	132
4502	0	0	4622	100	160	84	43	0	1	132
4623	0	0	4743	100	160	85	44	0	1	132
4744	0	0	4864	100	160	86	45	0	1	132
4865	0	0	4985	100	160	87	46	0	1	132
4986	0	0	5106	100	160	88	47	0	1	132
5107	0	0	5227	100	160	89	48	0	1	132
5228	0	0	5348	100	160	90	49	0	1	132
5349	0	0	5469	100	160	91	50	0	1	132
5470	0	0	5590	100	160	93	51	0	1	132
5591	0	0	5711	100	160	94	52	0	1	132
5712	0	0	5832	100	160	95	53	0	1	132
5833	0	0	5953	100	160	96	54	0	1	132
5954	0	0	6074	100	160	97	55	0	1	132
6075	0	0	6195	100	160	98	56	0	1	132
6196	0	0	6316	100	160	99	57	0	1	132
6317	0	0	6437	100	160	100	58	0	1	132
6438	0	0	6558	100	160	101	59	0	1	132
6559	0	0	6679	100	160	102	60	0	1	132
6680	0	0	6800	100	160	103	61	0	1	132
6801	0	0	6921	100	160	104	62	0	1	132
6922	0	0	7042	100	160	105	63	0	1	132
7043	0	0	7163	100	160	107	64	0	1	132
7164	0	0	7284	100	160	108	65	0	1	132
7285	0	0	7405	100	160	109	66	0	1	132
7406	0	0	7526	100	160	110	67	0	1	132
7527	0	0	7647	100	160	111	68	0	1	132
7648	0	0	7768	100	160	112	69	0	1	132
7769	0	0	7889	100	160	113	70	0	1	132
7890	0	0	8010	100	160	114	71	0	1	132
8011	0	0	8131	100	160	115	72	0	1	132
8132	0	0	8252	100	160	116	73	0	1	132
8253	0	0	8373	100	160	117	74	0	1	132
8374	0	0	8494	100	160	118	75	0	1	132
8495	0	0	8615	100	160	119	76	0	1	132
8616	0	0	8736	100	160	120	77	0	1	132
8737	0	0	8857	100	160	121	78	0	1	132
8858	0	0	8978	100	160	122	79	0	1	132

2
0	1203	235	239	2	26780	1	Container 40ft
1	509	235	236	2	21770	900	Contenedor 20ft

16	1	120	100	160
0	99999
0	0	0	60	50	40	2	1	1	0	0
0	0	40	60	50	80	2	1	1	0	0
0	0	80	60	50	120	2	1	1	0	0
0	0	120	60	50	160	2	1	1	0	0
0	50	0	60	100	40	2	1	1	0	0
0	50	40	60	100	80	2	1	1	0	0
0	50	80	60	100	120	2	1	1	0	0
0	50	120	60	100	160	2	1	1	0	0
60	0	0	120	50	40	2	2	2	0	0
60	0	40	120	50	80	2	2	2	0	0
60	0	80	120	50	120	2	2	2	0	0
60	0	120	120	50	160	2	2	2	0	0
60	50	0	120	100	40	2	2	2	0	0
60	50	40	120	100	80	2	2	2	0	0
60	50	80	120	100	120	2	2	2	0	0
60	50	120	120	100	160	2	2	2	0	0
0	0	0	10	50	120	14	1	1	0	1
0	50	0	10	100	120	14	1	1	0	1
10	0	0	20	50	120	14	1	1	0	1
10	50	0	20	100	120	14	1	1	0	1
20	0	0	30	50	120	14	1	1	0	1
20	50	0	30	100	120	14	1	1	0	1
30	0	0	40	50	120	14	1	1	0	1
30	50	0	40	100	120	14	1	1	0	1
40	0	0	50	50	120	14	1	1	0	1
40	50	0	50	100	120	14	1	1	0	1
50	0	0	60	50	120	14	1	1	0	1
50	50	0	60	100	120	14	1	1	0	1
60	0	0	70	50	120	14	1	1	0	1
60	50	0	70	100	120	14	1	1	0	1
70	0	0	80	50	120	14	1	1	0	1
70	50	0	80	100	120	14	1	1	0	1
80	0	0	90	50	120	14	1	1	0	1
80	50	0	90	100	120	14	1	1	0	1
90	0	0	100	50	120	14	1	1	0	1
90	50	0	100	100	120	14	1	1	0	1
100	0	0	110	50	120	14	1	1	0	1
100	50	0	110	100	120	14	1	1	0	1
110	0	0	120	50	120	14	1	1	0	1
110	50	0	120	100	120	14	1	1	0	1
0	0	120	120	50	130	14	2	2	0	1
0	0	130	120	50	140	14	2	2	0	1
0	0	140	120	50	150	14	2	2	0	1
0	0	150	120	50	160	14	2	2	0	1
0	50	120	120	100	130	14	2	2	0	1
0	50	130	120	100	140	14	2	2	0	1
0	50	140	120	100	150	14	2	2	0	1
0	50	150	120	100	160	14	2	2	0	1
0	0	0	40	20	150	0	1	1	0	2
0	20	0	40	40	150	0	1	1	0	2
0	40	0	40	60	150	0	1	1	0	2
0	60	0	40	80	150	0	1	1	0	2
0	80	0	40	100	150	0	1	1	0	2
40	0	0	80	20	150	0	1	1	0	2
40	20	0	80	40	150	0	1	1	0	2
40	40	0	80	60	150	0	1	1	0	2
40	60	0	80	80	150	0	1	1	0	2
40	80	0	80	100	150	0	1	1	0	2
80	0	0	120	20	150	0	1	1	0	2
80	20	0	120	40	150	0	1	1	0	2
80	40	0	120	60	150	0	1	1	0	2
80	60	0	120	80	150	0	1	1	0	2
80	80	0	120	100	150	0	1	1	0	2
0	0	150	120	50	160	14	2	2	0	2
0	50	150	120	100	160	14	2	2	0	2
0	0	0	40	20	150	0	1	1	0	3
0	20	0	40	40	150	0	1	1	0	3
0	40	0	40	60	150	0	1	1	0	3
0	60	0	40	80	150	0	1	1	0	3
0	80	0	40	100	150	0	1	1	0	3
40	0	0	80	20	150	0	1	1	0	3
40	20	0	80	40	150	0	1	1	0	3
40	40	0	80	60	150	0	1	1	0	3
40	60	0	80	80	150	0	1	1	0	3
40	80	0	80	100	150	0	1	1	0	3
80	0	0	120	20	150	0	1	1	0	3
80	20	0	120	40	150	0	1	1	0	3
80	40	0	120	60	150	0	1	1	0	3
80	60	0	120	80	150	0	1	1	0	3
80	80	0	120	100	150	0	1	1	0	3
0	0	150	120	50	160	14	2	2	0	3
0	50	150	120	100	160	14	2	2	0	3
0	0	0	20	100	50	6	1	1	0	4
0	0	50	20	100	100	6	1	1	0	4
0	0	100	20	100	150	6	1	1	0	4
20	0	0	40	100	50	6	1	1	0	4
20	0	50	40	100	100	6	1	1	0	4
20	0	100	40	100	150	6	1	1	0	4
40	0	0	60	100	50	6	1	1	0	4
40	0	50	60	100	100	6	1	1	0	4
40	0	100	60	100	150	6	1	1	0	4
60	0	0	80	100	50	6	1	1	0	4
60	0	50	80	100	100	6	1	1	0	4
60	0	100	80	100	150	6	1	1	0	4
80	0	0	100	100	50	6	1	1	0	4
80	0	50	100	100	100	6	1	1	0	4
80	0	100	100	100	150	6	1	1	0	4
100	0	0	120	100	50	6	1	1	0	4
100	0	50	120	100	100	6	1	1	0	4
100	0	100	120	100	150	6	1	1	0	4
0	0	150	120	50	160	14	2	2	0	4
0	50	150	120	100	160	14	2	2	0	4
0	0	0	120	50	10	8	1	1	0	5
0	0	10	120	50	20	8	1	1	0	5
0	0	20	120	50	30	8	1	1	0	5
0	0	30	120	50	40	8	1	1	0	5
0	0	40	120	50	50	8	1	1	0	5
0	0	50	120	50	60	8	1	1	0	5
0	0	60	120	50	70	8	1	1	0	5
0	0	70	120	50	80	8	1	1	0	5
0	0	80	120	50	90	8	1	1	0	5
0	0	90	120	50	100	8	1	1	0	5
0	0	100	120	50	110	8	1	1	0	5
0	0	110	120	50	120	8	1	1	0	5
0	0	120	120	50	130	8	1	1	0	5
0	0	130	120	50	140	8	1	1	0	5
0	0	140	120	50	150	8	1	1	0	5
0	0	150	120	50	160	8	1	1	0	5
0	50	0	120	100	10	8	1	1	0	5
0	50	10	120	100	20	8	1	1	0	5
0	50	20	120	100	30	8	1	1	0	5
0	50	30	120	100	40	8	1	1	0	5
0	50	40	120	100	50	8	1	1	0	5
0	50	50	120	100	60	8	1	1	0	5
0	50	60	120	100	70	8	1	1	0	5
0	50	70	120	100	80	8	1	1	0	5
0	50	80	120	100	90	8	1	1	0	5
0	50	90	120	100	100	8	1	1	0	5
0	50	100	120	100	110	8	1	1	0	5
0	50	110	120	100	120	8	1	1	0	5
0	50	120	120	100	130	8	1	1	0	5
0	50	130	120	100	140	8	1	1	0	5
0	50	140	120	100	150	8	1	1	0	5
0	50	150	120	100	160	8	1	1	0	5
0	0	0	20	100	50	12	1	1	0	6
0	0	50	20	100	100	12	1	1	0	6
0	0	100	20	100	150	12	1	1	0	6
20	0	0	40	100	50	12	1	1	0	6
20	0	50	40	100	100	12	1	1	0	6
20	0	100	40	100	150	12	1	1	0	6
40	0	0	60	100	50	12	1	1	0	6
40	0	50	60	100	100	12	1	1	0	6
40	0	100	60	100	150	12	1	1	0	6
60	0	0	80	100	50	12	1	1	0	6
60	0	50	80	100	100	12	1	1	0	6
60	0	100	80	100	150	12	1	1	0	6
80	0	0	100	100	50	12	1	1	0	6
80	0	50	100	100	100	12	1	1	0	6
80	0	100	100	100	150	12	1	1	0	6
100	0	0	120	100	50	12	1	1	0	6
100	0	50	120	100	100	12	1	1	0	6
100	0	100	120	100	150	12	1	1	0	6
0	0	150	120	50	160	14	2	2	0	6
0	50	150	120	100	160	14	2	2	0	6
0	0	0	20	100	50	12	1	1	0	7
20	0	0	40	100	50	12	1	1	0	7
40	0	0	60	100	50	12	1	1	0	7
60	0	0	80	100	50	12	1	1	0	7
80	0	0	100	100	50	12	1	1	0	7
100	0	0	120	100	50	12	1	1	0	7
0	0	50	15	50	160	13	2	2	0	7
0	50	50	15	100	160	13	2	2	0	7
15	0	50	30	50	160	13	2	2	0	7
15	50	50	30	100	160	13	2	2	0	7
30	0	50	45	50	160	13	2	2	0	7
30	50	50	45	100	160	13	2	2	0	7
45	0	50	60	50	160	13	2	2	0	7
45	50	50	60	100	160	13	2	2	0	7
60	0	50	75	50	160	13	2	2	0	7
60	50	50	75	100	160	13	2	2	0	7
75	0	50	90	50	160	13	2	2	0	7
75	50	50	90	100	160	13	2	2	0	7
90	0	50	105	50	160	13	2	2	0	7
90	50	50	105	100	160	13	2	2	0	7
105	0	50	120	50	160	13	2	2	0	7
105	50	50	120	100	160	13	2	2	0	7
0	0	0	20	100	50	12	1	1	0	8
20	0	0	40	100	50	12	1	1	0	8
40	0	0	60	100	50	12	1	1	0	8
60	0	0	80	100	50	12	1	1	0	8
80	0	0	100	100	50	12	1	1	0	8
100	0	0	120	100	50	12	1	1	0	8
0	0	50	15	50	160	13	2	2	0	8
0	50	50	15	100	160	13	2	2	0	8
15	0	50	30	50	160	13	2	2	0	8
15	50	50	30	100	160	13	2	2	0	8
30	0	50	45	50	160	13	2	2	0	8
30	50	50	45	100	160	13	2	2	0	8
45	0	50	60	50	160	13	2	2	0	8
45	50	50	60	100	160	13	2	2	0	8
60	0	50	75	50	160	13	2	2	0	8
60	50	50	75	100	160	13	2	2	0	8
75	0	50	90	50	160	13	2	2	0	8
75	50	50	90	100	160	13	2	2	0	8
90	0	50	105	50	160	13	2	2	0	8
90	50	50	105	100	160	13	2	2	0	8
105	0	50	120	50	160	13	2	2	0	8
105	50	50	120	100	160	13	2	2	0	8
0	0	0	60	50	40	2	1	1	0	9
0	0	40	60	50	80	2	1	1	0	9
0	0	80	60	50	120	2	1	1	0	9
0	0	120	60	50	160	2	1	1	0	9
60	0	0	120	50	40	2	1	1	0	9
60	0	40	120	50	80	2	1	1	0	9
60	0	80	120	50	120	2	1	1	0	9
60	0	120	120	50	160	2	1	1	0	9
0	50	0	30	100	80	10	2	2	0	9
0	50	80	30	100	160	10	2	2	0	9
30	50	0	60	100	80	10	2	2	0	9
30	50	80	60	100	160	10	2	2	0	9
60	50	0	90	100	80	10	2	2	0	9
60	50	80	90	100	160	10	2	2	0	9
90	50	0	120	100	80	10	2	2	0	9
90	50	80	120	100	160	10	2	2	0	9
0	0	0	40	20	150	0	1	1	0	10
0	20	0	40	40	150	0	1	1	0	10
0	40	0	40	60	150	0	1	1	0	10
0	60	0	40	80	150	0	1	1	0	10
0	80	0	40	100	150	0	1	1	0	10
40	0	0	80	20	150	0	1	1	0	10
40	20	0	80	40	150	0	1	1	0	10
40	40	0	80	60	150	0	1	1	0	10
40	60	0	80	80	150	0	1	1	0	10
40	80	0	80	100	150	0	1	1	0	10
80	0	0	120	20	150	0	1	1	0	10
80	20	0	120	40	150	0	1	1	0	10
80	40	0	120	60	150	0	1	1	0	10
80	60	0	120	80	150	0	1	1	0	10
80	80	0	120	100	150	0	1	1	0	10
0	0	150	120	50	160	8	2	2	0	10
0	50	150	120	100	160	8	2	2	0	10
0	0	0	20	100	50	12	1	1	0	11
0	0	50	20	100	100	12	1	1	0	11
0	0	100	20	100	150	12	1	1	0	11
20	0	0	40	100	50	12	1	1	0	11
20	0	50	40	100	100	12	1	1	0	11
20	0	100	40	100	150	12	1	1	0	11
40	0	0	60	100	50	12	1	1	0	11
40	0	50	60	100	100	12	1	1	0	11
40	0	100	60	100	150	12	1	1	0	11
60	0	0	80	100	50	12	1	1	0	11
60	0	50	80	100	100	12	1	1	0	11
60	0	100	80	100	150	12	1	1	0	11
80	0	0	100	100	50	12	1	1	0	11
80	0	50	100	100	100	12	1	1	0	11
80	0	100	100	100	150	12	1	1	0	11
100	0	0	120	100	50	12	1	1	0	11
100	0	50	120	100	100	12	1	1	0	11
100	0	100	120	100	150	12	1	1	0	11
0	0	150	120	50	160	8	2	2	0	11
0	50	150	120	100	160	8	2	2	0	11
0	0	0	20	100	50	12	1	1	0	12
0	0	50	20	100	100	12	1	1	0	12
0	0	100	20	100	150	12	1	1	0	12
20	0	0	40	100	50	12	1	1	0	12
20	0	50	40	100	100	12	1	1	0	12
20	0	100	40	100	150	12	1	1	0	12
40	0	0	60	100	50	12	1	1	0	12
40	0	50	60	100	100	12	1	1	0	12
40	0	100	60	100	150	12	1	1	0	12
60	0	0	80	100	50	12	1	1	0	12
60	0	50	80	100	100	12	1	1	0	12
60	0	100	80	100	150	12	1	1	0	12
80	0	0	100	100	50	12	1	1	0	12
80	0	50	100	100	100	12	1	1	0	12
80	0	100	100	100	150	12	1	1	0	12
100	0	0	120	100	50	12	1	1	0	12
100	0	50	120	100	100	12	1	1	0	12
100	0	100	120	100	150	12	1	1	0	12
0	0	150	120	50	160	8	2	2	0	12
0	50	150	120	100	160	8	2	2	0	12
0	0	0	20	100	50	6	1	1	0	13
0	0	50	20	100	100	6	1	1	0	13
0	0	100	20	100	150	6	1	1	0	13
20	0	0	40	100	50	6	1	1	0	13
20	0	50	40	100	100	6	1	1	0	13
20	0	100	40	100	150	6	1	1	0	13
40	0	0	60	100	50	6	1	1	0	13
40	0	50	60	100	100	6	1	1	0	13
40	0	100	60	100	150	6	1	1	0	13
60	0	0	80	100	50	6	1	1	0	13
60	0	50	80	100	100	6	1	1	0	13
60	0	100	80	100	150	6	1	1	0	13
80	0	0	100	100	50	6	1	1	0	13
80	0	50	100	100	100	6	1	1	0	13
80	0	100	100	100	150	6	1	1	0	13
100	0	0	120	100	50	6	1	1	0	13
100	0	50	120	100	100	6	1	1	0	13
100	0	100	120	100	150	6	1	1	0	13
0	0	150	120	50	160	8	2	2	0	13
0	50	150	120	100	160	8	2	2	0	13
0	0	0	30	50	80	4	1	1	0	14
0	0	80	30	50	160	4	1	1	0	14
30	0	0	60	50	80	4	1	1	0	14
30	0	80	60	50	160	4	1	1	0	14
60	0	0	90	50	80	4	1	1	0	14
60	0	80	90	50	160	4	1	1	0	14
90	0	0	120	50	80	4	1	1	0	14
90	0	80	120	50	160	4	1	1	0	14
0	50	0	30	100	80	10	2	2	0	14
0	50	80	30	100	160	10	2	2	0	14
30	50	0	60	100	80	10	2	2	0	14
30	50	80	60	100	160	10	2	2	0	14
60	50	0	90	100	80	10	2	2	0	14
60	50	80	90	100	160	10	2	2	0	14
90	50	0	120	100	80	10	2	2	0	14
90	50	80	120	100	160	10	2	2	0	14
0	0	0	30	50	80	4	1	1	0	15
0	0	80	30	50	160	4	1	1	0	15
30	0	0	60	50	80	4	1	1	0	15
30	0	80	60	50	160	4	1	1	0	15
60	0	0	90	50	80	4	1	1	0	15
60	0	80	90	50	160	4	1	1	0	15
90	0	0	120	50	80	4	1	1	0	15
90	0	80	120	50	160	4	1	1	0	15
0	50	0	30	100	80	10	2	2	0	15
0	50	80	30	100	160	10	2	2	0	15
30	50	0	60	100	80	10	2	2	0	15
30	50	80	60	100	160	10	2	2	0	15
60	50	0	90	100	80	10	2	2	0	15
60	50	80	90	100	160	10	2	2	0	15
90	50	0	120	100	80	10	2	2	0	15
90	50	80	120	100	160	10	2	2	0	15
0	0	0	30	50	80	4	1	1	0	16
0	0	80	30	50	160	4	1	1	0	16
30	0	0	60	50	80	4	1	1	0	16
30	0	80	60	50	160	4	1	1	0	16
60	0	0	90	50	80	4	1	1	0	16
60	0	80	90	50	160	4	1	1	0	16
90	0	0	120	50	80	4	1	1	0	16
90	0	80	120	50	160	4	1	1	0	16
0	50	0	30	100	80	10	2	2	0	16
0	50	80	30	100	160	10	2	2	0	16
30	50	0	60	100	80	10	2	2	0	16
30	50	80	60	100	160	10	2	2	0	16
60	50	0	90	100	80	10	2	2	0	16
60	50	80	90	100	160	10	2	2	0	16
90	50	0	120	100	80	10	2	2	0	16
90	50	80	120	100	160	10	2	2	0	16
0	0	0	30	50	80	4	1	1	0	17
0	0	80	30	50	160	4	1	1	0	17
30	0	0	60	50	80	4	1	1	0	17
30	0	80	60	50	160	4	1	1	0	17
60	0	0	90	50	80	4	1	1	0	17
60	0	80	90	50	160	4	1	1	0	17
90	0	0	120	50	80	4	1	1	0	17
90	0	80	120	50	160	4	1	1	0	17
0	50	0	30	100	80	10	2	2	0	17
0	50	80	30	100	160	10	2	2	0	17
30	50	0	60	100	80	10	2	2	0	17
30	50	80	60	100	160	10	2	2	0	17
60	50	0	90	100	80	10	2	2	0	17
60	50	80	90	100	160	10	2	2	0	17
90	50	0	120	100	80	10	2	2	0	17
90	50	80	120	100	160	10	2	2	0	17
0	0	0	30	50	80	4	1	1	0	18
0	0	80	30	50	160	4	1	1	0	18
30	0	0	60	50	80	4	1	1	0	18
30	0	80	60	50	160	4	1	1	0	18
60	0	0	90	50	80	4	1	1	0	18
60	0	80	90	50	160	4	1	1	0	18
90	0	0	120	50	80	4	1	1	0	18
90	0	80	120	50	160	4	1	1	0	18
0	50	0	30	100	80	10	2	2	0	18
0	50	80	30	100	160	10	2	2	0	18
30	50	0	60	100	80	10	2	2	0	18
30	50	80	60	100	160	10	2	2	0	18
60	50	0	90	100	80	10	2	2	0	18
60	50	80	90	100	160	10	2	2	0	18
90	50	0	120	100	80	10	2	2	0	18
90	50	80	120	100	160	10	2	2	0	18
0	0	0	30	50	80	4	1	1	0	19
0	0	80	30	50	160	4	1	1	0	19
30	0	0	60	50	80	4	1	1	0	19
30	0	80	60	50	160	4	1	1	0	19
60	0	0	90	50	80	4	1	1	0	19
60	0	80	90	50	160	4	1	1	0	19
90	0	0	120	50	80	4	1	1	0	19
90	0	80	120	50	160	4	1	1	0	19
0	50	0	30	100	80	10	2	2	0	19
0	50	80	30	100	160	10	2	2	0	19
30	50	0	60	100	80	10	2	2	0	19
30	50	80	60	100	160	10	2	2	0	19
60	50	0	90	100	80	10	2	2	0	19
60	50	80	90	100	160	10	2	2	0	19
90	50	0	120	100	80	10	2	2	0	19
90	50	80	120	100	160	10	2	2	0	19
0	0	0	30	50	80	4	1	1	0	20
0	0	80	30	50	160	4	1	1	0	20
30	0	0	60	50	80	4	1	1	0	20
30	0	80	60	50	160	4	1	1	0	20
60	0	0	90	50	80	4	1	1	0	20
60	0	80	90	50	160	4	1	1	0	20
90	0	0	120	50	80	4	1	1	0	20
90	0	80	120	50	160	4	1	1	0	20
0	50	0	30	100	80	10	2	2	0	20
0	50	80	30	100	160	10	2	2	0	20
30	50	0	60	100	80	10	2	2	0	20
30	50	80	60	100	160	10	2	2	0	20
60	50	0	90	100	80	10	2	2	0	20
60	50	80	90	100	160	10	2	2	0	20
90	50	0	120	100	80	10	2	2	0	20
90	50	80	120	100	160	10	2	2	0	20
0	0	0	30	50	80	4	1	1	0	21
0	0	80	30	50	160	4	1	1	0	21
30	0	0	60	50	80	4	1	1	0	21
30	0	80	60	50	160	4	1	1	0	21
60	0	0	90	50	80	4	1	1	0	21
60	0	80	90	50	160	4	1	1	0	21
90	0	0	120	50	80	4	1	1	0	21
90	0	80	120	50	160	4	1	1	0	21
0	50	0	30	100	80	10	2	2	0	21
0	50	80	30	100	160	10	2	2	0	21
30	50	0	60	100	80	10	2	2	0	21
30	50	80	60	100	160	10	2	2	0	21
60	50	0	90	100	80	10	2	2	0	21
60	50	80	90	100	160	10	2	2	0	21
90	50	0	120	100	80	10	2	2	0	21
90	50	80	120	100	160	10	2	2	0	21
0	0	0	30	50	80	4	1	1	0	22
0	0	80	30	50	160	4	1	1	0	22
30	0	0	60	50	80	4	1	1	0	22
30	0	80	60	50	160	4	1	1	0	22
60	0	0	90	50	80	4	1	1	0	22
60	0	80	90	50	160	4	1	1	0	22
90	0	0	120	50	80	4	1	1	0	22
90	0	80	120	50	160	4	1	1	0	22
0	50	0	30	100	80	10	2	2	0	22
0	50	80	30	100	160	10	2	2	0	22
30	50	0	60	100	80	10	2	2	0	22
30	50	80	60	100	160	10	2	2	0	22
60	50	0	90	100	80	10	2	2	0	22
60	50	80	90	100	160	10	2	2	0	22
90	50	0	120	100	80	10	2	2	0	22
90	50	80	120	100	160	10	2	2	0	22
0	0	0	30	50	80	4	1	1	0	23
0	0	80	30	50	160	4	1	1	0	23
30	0	0	60	50	80	4	1	1	0	23
30	0	80	60	50	160	4	1	1	0	23
60	0	0	90	50	80	4	1	1	0	23
60	0	80	90	50	160	4	1	1	0	23
90	0	0	120	50	80	4	1	1	0	23
90	0	80	120	50	160	4	1	1	0	23
0	50	0	30	100	80	10	2	2	0	23
0	50	80	30	100	160	10	2	2	0	23
30	50	0	60	100	80	10	2	2	0	23
30	50	80	60	100	160	10	2	2	0	23
60	50	0	90	100	80	10	2	2	0	23
60	50	80	90	100	160	10	2	2	0	23
90	50	0	120	100	80	10	2	2	0	23
90	50	80	120	100	160	10	2	2	0	23
0	0	0	30	50	80	4	1	1	0	24
0	0	80	30	50	160	4	1	1	0	24
30	0	0	60	50	80	4	1	1	0	24
30	0	80	60	50	160	4	1	1	0	24
60	0	0	90	50	80	4	1	1	0	24
60	0	80	90	50	160	4	1	1	0	24
90	0	0	120	50	80	4	1	1	0	24
90	0	80	120	50	160	4	1	1	0	24
0	50	0	30	100	80	10	2	2	0	24
0	50	80	30	100	160	10	2	2	0	24
30	50	0	60	100	80	10	2	2	0	24
30	50	80	60	100	160	10	2	2	0	24
60	50	0	90	100	80	10	2	2	0	24
60	50	80	90	100	160	10	2	2	0	24
90	50	0	120	100	80	10	2	2	0	24
90	50	80	120	100	160	10	2	2	0	24
0	0	0	30	50	80	4	1	1	0	25
0	0	80	30	50	160	4	1	1	0	25
30	0	0	60	50	80	4	1	1	0	25
30	0	80	60	50	160	4	1	1	0	25
60	0	0	90	50	80	4	1	1	0	25
60	0	80	90	50	160	4	1	1	0	25
90	0	0	120	50	80	4	1	1	0	25
90	0	80	120	50	160	4	1	1	0	25
0	50	0	30	100	80	10	2	2	0	25
0	50	80	30	100	160	10	2	2	0	25
30	50	0	60	100	80	10	2	2	0	25
30	50	80	60	100	160	10	2	2	0	25
60	50	0	90	100	80	10	2	2	0	25
60	50	80	90	100	160	10	2	2	0	25
90	50	0	120	100	80	10	2	2	0	25
90	50	80	120	100	160	10	2	2	0	25
0	0	0	30	50	80	4	1	1	0	26
0	0	80	30	50	160	4	1	1	0	26
30	0	0	60	50	80	4	1	1	0	26
30	0	80	60	50	160	4	1	1	0	26
60	0	0	90	50	80	4	1	1	0	26
60	0	80	90	50	160	4	1	1	0	26
90	0	0	120	50	80	4	1	1	0	26
90	0	80	120	50	160	4	1	1	0	26
0	50	0	30	100	80	10	2	2	0	26
0	50	80	30	100	160	10	2	2	0	26
30	50	0	60	100	80	10	2	2	0	26
30	50	80	60	100	160	10	2	2	0	26
60	50	0	90	100	80	10	2	2	0	26
60	50	80	90	100	160	10	2	2	0	26
90	50	0	120	100	80	10	2	2	0	26
90	50	80	120	100	160	10	2	2	0	26
0	0	0	30	50	80	4	1	1	0	27
0	0	80	30	50	160	4	1	1	0	27
30	0	0	60	50	80	4	1	1	0	27
30	0	80	60	50	160	4	1	1	0	27
60	0	0	90	50	80	4	1	1	0	27
60	0	80	90	50	160	4	1	1	0	27
90	0	0	120	50	80	4	1	1	0	27
90	0	80	120	50	160	4	1	1	0	27
0	50	0	30	100	80	10	2	2	0	27
0	50	80	30	100	160	10	2	2	0	27
30	50	0	60	100	80	10	2	2	0	27
30	50	80	60	100	160	10	2	2	0	27
60	50	0	90	100	80	10	2	2	0	27
60	50	80	90	100	160	10	2	2	0	27
90	50	0	120	100	80	10	2	2	0	27
90	50	80	120	100	160	10	2	2	0	27
0	0	0	30	50	80	4	1	1	0	28
0	0	80	30	50	160	4	1	1	0	28
30	0	0	60	50	80	4	1	1	0	28
30	0	80	60	50	160	4	1	1	0	28
60	0	0	90	50	80	4	1	1	0	28
60	0	80	90	50	160	4	1	1	0	28
90	0	0	120	50	80	4	1	1	0	28
90	0	80	120	50	160	4	1	1	0	28
0	50	0	30	100	80	10	2	2	0	28
0	50	80	30	100	160	10	2	2	0	28
30	50	0	60	100	80	10	2	2	0	28
30	50	80	60	100	160	10	2	2	0	28
60	50	0	90	100	80	10	2	2	0	28
60	50	80	90	100	160	10	2	2	0	28
90	50	0	120	100	80	10	2	2	0	28
90	50	80	120	100	160	10	2	2	0	28
0	0	0	30	50	80	4	1	1	0	29
0	0	80	30	50	160	4	1	1	0	29
30	0	0	60	50	80	4	1	1	0	29
30	0	80	60	50	160	4	1	1	0	29
60	0	0	90	50	80	4	1	1	0	29
60	0	80	90	50	160	4	1	1	0	29
90	0	0	120	50	80	4	1	1	0	29
90	0	80	120	50	160	4	1	1	0	29
0	50	0	30	100	80	10	2	2	0	29
0	50	80	30	100	160	10	2	2	0	29
30	50	0	60	100	80	10	2	2	0	29
30	50	80	60	100	160	10	2	2	0	29
60	50	0	90	100	80	10	2	2	0	29
60	50	80	90	100	160	10	2	2	0	29
90	50	0	120	100	80	10	2	2	0	29
90	50	80	120	100	160	10	2	2	0	29
0	0	0	30	50	80	4	1	1	0	30
0	0	80	30	50	160	4	1	1	0	30
30	0	0	60	50	80	4	1	1	0	30
30	0	80	60	50	160	4	1	1	0	30
60	0	0	90	50	80	4	1	1	0	30
60	0	80	90	50	160	4	1	1	0	30
90	0	0	120	50	80	4	1	1	0	30
90	0	80	120	50	160	4	1	1	0	30
0	50	0	30	100	80	10	2	2	0	30
0	50	80	30	100	160	10	2	2	0	30
30	50	0	60	100	80	10	2	2	0	30
30	50	80	60	100	160	10	2	2	0	30
60	50	0	90	100	80	10	2	2	0	30
60	50	80	90	100	160	10	2	2	0	30
90	50	0	120	100	80	10	2	2	0	30
90	50	80	120	100	160	10	2	2	0	30
0	0	0	30	50	80	4	1	1	0	31
0	0	80	30	50	160	4	1	1	0	31
30	0	0	60	50	80	4	1	1	0	31
30	0	80	60	50	160	4	1	1	0	31
60	0	0	90	50	80	4	1	1	0	31
60	0	80	90	50	160	4	1	1	0	31
90	0	0	120	50	80	4	1	1	0	31
90	0	80	120	50	160	4	1	1	0	31
0	50	0	30	100	80	10	2	2	0	31
0	50	80	30	100	160	10	2	2	0	31
30	50	0	60	100	80	10	2	2	0	31
30	50	80	60	100	160	10	2	2	0	31
60	50	0	90	100	80	10	2	2	0	31
60	50	80	90	100	160	10	2	2	0	31
90	50	0	120	100	80	10	2	2	0	31
90	50	80	120	100	160	10	2	2	0	31
0	0	0	30	50	80	4	1	1	0	32
0	0	80	30	50	160	4	1	1	0	32
30	0	0	60	50	80	4	1	1	0	32
30	0	80	60	50	160	4	1	1	0	32
60	0	0	90	50	80	4	1	1	0	32
60	0	80	90	50	160	4	1	1	0	32
90	0	0	120	50	80	4	1	1	0	32
90	0	80	120	50	160	4	1	1	0	32
0	50	0	30	100	80	10	2	2	0	32
0	50	80	30	100	160	10	2	2	0	32
30	50	0	60	100	80	10	2	2	0	32
30	50	80	60	100	160	10	2	2	0	32
60	50	0	90	100	80	10	2	2	0	32
60	50	80	90	100	160	10	2	2	0	32
90	50	0	120	100	80	10	2	2	0	32
90	50	80	120	100	160	10	2	2	0	32
0	0	0	30	50	80	4	1	1	0	33
0	0	80	30	50	160	4	1	1	0	33
30	0	0	60	50	80	4	1	1	0	33
30	0	80	60	50	160	4	1	1	0	33
60	0	0	90	50	80	4	1	1	0	33
60	0	80	90	50	160	4	1	1	0	33
90	0	0	120	50	80	4	1	1	0	33
90	0	80	120	50	160	4	1	1	0	33
0	50	0	30	100	80	10	2	2	0	33
0	50	80	30	100	160	10	2	2	0	33
30	50	0	60	100	80	10	2	2	0	33
30	50	80	60	100	160	10	2	2	0	33
60	50	0	90	100	80	10	2	2	0	33
60	50	80	90	100	160	10	2	2	0	33
90	50	0	120	100	80	10	2	2	0	33
90	50	80	120	100	160	10	2	2	0	33
0	0	0	30	50	80	4	1	1	0	34
0	0	80	30	50	160	4	1	1	0	34
30	0	0	60	50	80	4	1	1	0	34
30	0	80	60	50	160	4	1	1	0	34
60	0	0	90	50	80	4	1	1	0	34
60	0	80	90	50	160	4	1	1	0	34
90	0	0	120	50	80	4	1	1	0	34
90	0	80	120	50	160	4	1	1	0	34
0	50	0	30	100	80	10	2	2	0	34
0	50	80	30	100	160	10	2	2	0	34
30	50	0	60	100	80	10	2	2	0	34
30	50	80	60	100	160	10	2	2	0	34
60	50	0	90	100	80	10	2	2	0	34
60	50	80	90	100	160	10	2	2	0	34
90	50	0	120	100	80	10	2	2	0	34
90	50	80	120	100	160	10	2	2	0	34
0	0	0	30	50	80	4	1	1	0	35
0	0	80	30	50	160	4	1	1	0	35
30	0	0	60	50	80	4	1	1	0	35
30	0	80	60	50	160	4	1	1	0	35
60	0	0	90	50	80	4	1	1	0	35
60	0	80	90	50	160	4	1	1	0	35
90	0	0	120	50	80	4	1	1	0	35
90	0	80	120	50	160	4	1	1	0	35
0	50	0	30	100	80	10	2	2	0	35
0	50	80	30	100	160	10	2	2	0	35
30	50	0	60	100	80	10	2	2	0	35
30	50	80	60	100	160	10	2	2	0	35
60	50	0	90	100	80	10	2	2	0	35
60	50	80	90	100	160	10	2	2	0	35
90	50	0	120	100	80	10	2	2	0	35
90	50	80	120	100	160	10	2	2	0	35
0	0	0	30	50	80	4	1	1	0	36
0	0	80	30	50	160	4	1	1	0	36
30	0	0	60	50	80	4	1	1	0	36
30	0	80	60	50	160	4	1	1	0	36
60	0	0	90	50	80	4	1	1	0	36
60	0	80	90	50	160	4	1	1	0	36
90	0	0	120	50	80	4	1	1	0	36
90	0	80	120	50	160	4	1	1	0	36
0	50	0	30	100	80	10	2	2	0	36
0	50	80	30	100	160	10	2	2	0	36
30	50	0	60	100	80	10	2	2	0	36
30	50	80	60	100	160	10	2	2	0	36
60	50	0	90	100	80	10	2	2	0	36
60	50	80	90	100	160	10	2	2	0	36
90	50	0	120	100	80	10	2	2	0	36
90	50	80	120	100	160	10	2	2	0	36
0	0	0	30	50	80	4	1	1	0	37
0	0	80	30	50	160	4	1	1	0	37
30	0	0	60	50	80	4	1	1	0	37
30	0	80	60	50	160	4	1	1	0	37
60	0	0	90	50	80	4	1	1	0	37
60	0	80	90	50	160	4	1	1	0	37
90	0	0	120	50	80	4	1	1	0	37
90	0	80	120	50	160	4	1	1	0	37
0	50	0	30	100	80	10	2	2	0	37
0	50	80	30	100	160	10	2	2	0	37
30	50	0	60	100	80	10	2	2	0	37
30	50	80	60	100	160	10	2	2	0	37
60	50	0	90	100	80	10	2	2	0	37
60	50	80	90	100	160	10	2	2	0	37
90	50	0	120	100	80	10	2	2	0	37
90	50	80	120	100	160	10	2	2	0	37
0	0	0	15	50	110	7	1	1	0	38
0	50	0	15	100	110	7	1	1	0	38
15	0	0	30	50	110	7	1	1	0	38
15	50	0	30	100	110	7	1	1	0	38
30	0	0	45	50	110	7	1	1	0	38
30	50	0	45	100	110	7	1	1	0	38
45	0	0	60	50	110	7	1	1	0	38
45	50	0	60	100	110	7	1	1	0	38
60	0	0	75	50	110	7	1	1	0	38
60	50	0	75	100	110	7	1	1	0	38
75	0	0	90	50	110	7	1	1	0	38
75	50	0	90	100	110	7	1	1	0	38
90	0	0	105	50	110	7	1	1	0	38
90	50	0	105	100	110	7	1	1	0	38
105	0	0	120	50	110	7	1	1	0	38
105	50	0	120	100	110	7	1	1	0	38
0	0	110	100	20	160	12	2	2	0	38
0	20	110	100	40	160	12	2	2	0	38
0	40	110	100	60	160	12	2	2	0	38
0	60	110	100	80	160	12	2	2	0	38
0	80	110	100	100	160	12	2	2	0	38
100	0	110	120	100	160	6	3	3	0	38
0	0	0	15	50	110	7	1	1	0	39
0	50	0	15	100	110	7	1	1	0	39
15	0	0	30	50	110	7	1	1	0	39
15	50	0	30	100	110	7	1	1	0	39
30	0	0	45	50	110	7	1	1	0	39
30	50	0	45	100	110	7	1	1	0	39
45	0	0	60	50	110	7	1	1	0	39
45	50	0	60	100	110	7	1	1	0	39
60	0	0	75	50	110	7	1	1	0	39
60	50	0	75	100	110	7	1	1	0	39
75	0	0	90	50	110	7	1	1	0	39
75	50	0	90	100	110	7	1	1	0	39
90	0	0	105	50	110	7	1	1	0	39
90	50	0	105	100	110	7	1	1	0	39
105	0	0	120	50	110	7	1	1	0	39
105	50	0	120	100	110	7	1	1	0	39
0	0	110	100	20	160	12	2	2	0	39
0	20	110	100	40	160	12	2	2	0	39
0	40	110	100	60	160	12	2	2	0	39
0	60	110	100	80	160	12	2	2	0	39
0	80	110	100	100	160	12	2	2	0	39
100	0	110	120	100	160	6	3	3	0	39
0	0	0	15	50	110	7	1	1	0	40
0	50	0	15	100	110	7	1	1	0	40
15	0	0	30	50	110	7	1	1	0	40
15	50	0	30	100	110	7	1	1	0	40
30	0	0	45	50	110	7	1	1	0	40
30	50	0	45	100	110	7	1	1	0	40
45	0	0	60	50	110	7	1	1	0	40
45	50	0	60	100	110	7	1	1	0	40
60	0	0	75	50	110	7	1	1	0	40
60	50	0	75	100	110	7	1	1	0	40
75	0	0	90	50	110	7	1	1	0	40
75	50	0	90	100	110	7	1	1	0	40
90	0	0	105	50	110	7	1	1	0	40
90	50	0	105	100	110	7	1	1	0	40
105	0	0	120	50	110	7	1	1	0	40
105	50	0	120	100	110	7	1	1	0	40
0	0	110	100	20	160	12	2	2	0	40
0	20	110	100	40	160	12	2	2	0	40
0	40	110	100	60	160	12	2	2	0	40
0	60	110	100	80	160	12	2	2	0	40
0	80	110	100	100	160	12	2	2	0	40
100	0	110	120	100	160	6	3	3	0	40
0	0	0	15	50	110	7	1	1	0	41
0	50	0	15	100	110	7	1	1	0	41
15	0	0	30	50	110	7	1	1	0	41
15	50	0	30	100	110	7	1	1	0	41
30	0	0	45	50	110	7	1	1	0	41
30	50	0	45	100	110	7	1	1	0	41
45	0	0	60	50	110	7	1	1	0	41
45	50	0	60	100	110	7	1	1	0	41
60	0	0	75	50	110	7	1	1	0	41
60	50	0	75	100	110	7	1	1	0	41
75	0	0	90	50	110	7	1	1	0	41
75	50	0	90	100	110	7	1	1	0	41
90	0	0	105	50	110	7	1	1	0	41
90	50	0	105	100	110	7	1	1	0	41
105	0	0	120	50	110	7	1	1	0	41
105	50	0	120	100	110	7	1	1	0	41
0	0	110	100	20	160	12	2	2	0	41
0	20	110	100	40	160	12	2	2	0	41
0	40	110	100	60	160	12	2	2	0	41
0	60	110	100	80	160	12	2	2	0	41
0	80	110	100	100	160	12	2	2	0	41
100	0	110	120	100	160	6	3	3	0	41
0	0	0	15	50	110	7	1	1	0	42
0	50	0	15	100	110	7	1	1	0	42
15	0	0	30	50	110	7	1	1	0	42
15	50	0	30	100	110	7	1	1	0	42
30	0	0	45	50	110	7	1	1	0	42
30	50	0	45	100	110	7	1	1	0	42
45	0	0	60	50	110	7	1	1	0	42
45	50	0	60	100	110	7	1	1	0	42
60	0	0	75	50	110	7	1	1	0	42
60	50	0	75	100	110	7	1	1	0	42
75	0	0	90	50	110	7	1	1	0	42
75	50	0	90	100	110	7	1	1	0	42
90	0	0	105	50	110	7	1	1	0	42
90	50	0	105	100	110	7	1	1	0	42
105	0	0	120	50	110	7	1	1	0	42
105	50	0	120	100	110	7	1	1	0	42
0	0	110	100	20	160	12	2	2	0	42
0	20	110	100	40	160	12	2	2	0	42
0	40	110	100	60	160	12	2	2	0	42
0	60	110	100	80	160	12	2	2	0	42
0	80	110	100	100	160	12	2	2	0	42
100	0	110	120	100	160	6	3	3	0	42
0	0	0	15	50	110	7	1	1	0	43
0	50	0	15	100	110	7	1	1	0	43
15	0	0	30	50	110	7	1	1	0	43
15	50	0	30	100	110	7	1	1	0	43
30	0	0	45	50	110	7	1	1	0	43
30	50	0	45	100	110	7	1	1	0	43
45	0	0	60	50	110	7	1	1	0	43
45	50	0	60	100	110	7	1	1	0	43
60	0	0	75	50	110	7	1	1	0	43
60	50	0	75	100	110	7	1	1	0	43
75	0	0	90	50	110	7	1	1	0	43
75	50	0	90	100	110	7	1	1	0	43
90	0	0	105	50	110	7	1	1	0	43
90	50	0	105	100	110	7	1	1	0	43
105	0	0	120	50	110	7	1	1	0	43
105	50	0	120	100	110	7	1	1	0	43
0	0	110	100	20	160	12	2	2	0	43
0	20	110	100	40	160	12	2	2	0	43
0	40	110	100	60	160	12	2	2	0	43
0	60	110	100	80	160	12	2	2	0	43
0	80	110	100	100	160	12	2	2	0	43
100	0	110	120	100	160	6	3	3	0	43
0	0	0	15	50	110	7	1	1	0	44
0	50	0	15	100	110	7	1	1	0	44
15	0	0	30	50	110	7	1	1	0	44
15	50	0	30	100	110	7	1	1	0	44
30	0	0	45	50	110	7	1	1	0	44
30	50	0	45	100	110	7	1	1	0	44
45	0	0	60	50	110	7	1	1	0	44
45	50	0	60	100	110	7	1	1	0	44
60	0	0	75	50	110	7	1	1	0	44
60	50	0	75	100	110	7	1	1	0	44
75	0	0	90	50	110	7	1	1	0	44
75	50	0	90	100	110	7	1	1	0	44
90	0	0	105	50	110	7	1	1	0	44
90	50	0	105	100	110	7	1	1	0	44
105	0	0	120	50	110	7	1	1	0	44
105	50	0	120	100	110	7	1	1	0	44
0	0	110	100	20	160	12	2	2	0	44
0	20	110	100	40	160	12	2	2	0	44
0	40	110	100	60	160	12	2	2	0	44
0	60	110	100	80	160	12	2	2	0	44
0	80	110	100	100	160	12	2	2	0	44
100	0	110	120	100	160	6	3	3	0	44
0	0	0	15	50	110	7	1	1	0	45
0	50	0	15	100	110	7	1	1	0	45
15	0	0	30	50	110	7	1	1	0	45
15	50	0	30	100	110	7	1	1	0	45
30	0	0	45	50	110	7	1	1	0	45
30	50	0	45	100	110	7	1	1	0	45
45	0	0	60	50	110	7	1	1	0	45
45	50	0	60	100	110	7	1	1	0	45
60	0	0	75	50	110	7	1	1	0	45
60	50	0	75	100	110	7	1	1	0	45
75	0	0	90	50	110	7	1	1	0	45
75	50	0	90	100	110	7	1	1	0	45
90	0	0	105	50	110	7	1	1	0	45
90	50	0	105	100	110	7	1	1	0	45
105	0	0	120	50	110	7	1	1	0	45
105	50	0	120	100	110	7	1	1	0	45
0	0	110	100	20	160	12	2	2	0	45
0	20	110	100	40	160	12	2	2	0	45
0	40	110	100	60	160	12	2	2	0	45
0	60	110	100	80	160	12	2	2	0	45
0	80	110	100	100	160	12	2	2	0	45
100	0	110	120	100	160	6	3	3	0	45
0	0	0	15	50	110	7	1	1	0	46
0	50	0	15	100	110	7	1	1	0	46
15	0	0	30	50	110	7	1	1	0	46
15	50	0	30	100	110	7	1	1	0	46
30	0	0	45	50	110	7	1	1	0	46
30	50	0	45	100	110	7	1	1	0	46
45	0	0	60	50	110	7	1	1	0	46
45	50	0	60	100	110	7	1	1	0	46
60	0	0	75	50	110	7	1	1	0	46
60	50	0	75	100	110	7	1	1	0	46
75	0	0	90	50	110	7	1	1	0	46
75	50	0	90	100	110	7	1	1	0	46
90	0	0	105	50	110	7	1	1	0	46
90	50	0	105	100	110	7	1	1	0	46
105	0	0	120	50	110	7	1	1	0	46
105	50	0	120	100	110	7	1	1	0	46
0	0	110	100	20	160	12	2	2	0	46
0	20	110	100	40	160	12	2	2	0	46
0	40	110	100	60	160	12	2	2	0	46
0	60	110	100	80	160	12	2	2	0	46
0	80	110	100	100	160	12	2	2	0	46
100	0	110	120	100	160	6	3	3	0	46
0	0	0	15	50	110	7	1	1	0	47
0	50	0	15	100	110	7	1	1	0	47
15	0	0	30	50	110	7	1	1	0	47
15	50	0	30	100	110	7	1	1	0	47
30	0	0	45	50	110	7	1	1	0	47
30	50	0	45	100	110	7	1	1	0	47
45	0	0	60	50	110	7	1	1	0	47
45	50	0	60	100	110	7	1	1	0	47
60	0	0	75	50	110	7	1	1	0	47
60	50	0	75	100	110	7	1	1	0	47
75	0	0	90	50	110	7	1	1	0	47
75	50	0	90	100	110	7	1	1	0	47
90	0	0	105	50	110	7	1	1	0	47
90	50	0	105	100	110	7	1	1	0	47
105	0	0	120	50	110	7	1	1	0	47
105	50	0	120	100	110	7	1	1	0	47
0	0	110	100	20	160	12	2	2	0	47
0	20	110	100	40	160	12	2	2	0	47
0	40	110	100	60	160	12	2	2	0	47
0	60	110	100	80	160	12	2	2	0	47
0	80	110	100	100	160	12	2	2	0	47
100	0	110	120	100	160	6	3	3	0	47
0	0	0	15	50	110	7	1	1	0	48
0	50	0	15	100	110	7	1	1	0	48
15	0	0	30	50	110	7	1	1	0	48
15	50	0	30	100	110	7	1	1	0	48
30	0	0	45	50	110	7	1	1	0	48
30	50	0	45	100	110	7	1	1	0	48
45	0	0	60	50	110	7	1	1	0	48
45	50	0	60	100	110	7	1	1	0	48
60	0	0	75	50	110	7	1	1	0	48
60	50	0	75	100	110	7	1	1	0	48
75	0	0	90	50	110	7	1	1	0	48
75	50	0	90	100	110	7	1	1	0	48
90	0	0	105	50	110	7	1	1	0	48
90	50	0	105	100	110	7	1	1	0	48
105	0	0	120	50	110	7	1	1	0	48
105	50	0	120	100	110	7	1	1	0	48
0	0	110	100	20	160	12	2	2	0	48
0	20	110	100	40	160	12	2	2	0	48
0	40	110	100	60	160	12	2	2	0	48
0	60	110	100	80	160	12	2	2	0	48
0	80	110	100	100	160	12	2	2	0	48
100	0	110	120	100	160	6	3	3	0	48
0	0	0	15	50	110	7	1	1	0	49
0	50	0	15	100	110	7	1	1	0	49
15	0	0	30	50	110	7	1	1	0	49
15	50	0	30	100	110	7	1	1	0	49
30	0	0	45	50	110	7	1	1	0	49
30	50	0	45	100	110	7	1	1	0	49
45	0	0	60	50	110	7	1	1	0	49
45	50	0	60	100	110	7	1	1	0	49
60	0	0	75	50	110	7	1	1	0	49
60	50	0	75	100	110	7	1	1	0	49
75	0	0	90	50	110	7	1	1	0	49
75	50	0	90	100	110	7	1	1	0	49
90	0	0	105	50	110	7	1	1	0	49
90	50	0	105	100	110	7	1	1	0	49
105	0	0	120	50	110	7	1	1	0	49
105	50	0	120	100	110	7	1	1	0	49
0	0	110	100	20	160	12	2	2	0	49
0	20	110	100	40	160	12	2	2	0	49
0	40	110	100	60	160	12	2	2	0	49
0	60	110	100	80	160	12	2	2	0	49
0	80	110	100	100	160	12	2	2	0	49
100	0	110	120	100	160	6	3	3	0	49
0	0	0	100	50	20	12	1	1	0	50
0	0	20	100	50	40	12	1	1	0	50
0	0	40	100	50	60	12	1	1	0	50
0	0	60	100	50	80	12	1	1	0	50
0	0	80	100	50	100	12	1	1	0	50
0	0	100	100	50	120	12	1	1	0	50
0	0	120	100	50	140	12	1	1	0	50
0	0	140	100	50	160	12	1	1	0	50
0	50	0	100	100	20	12	1	1	0	50
0	50	20	100	100	40	12	1	1	0	50
0	50	40	100	100	60	12	1	1	0	50
0	50	60	100	100	80	12	1	1	0	50
0	50	80	100	100	100	12	1	1	0	50
0	50	100	100	100	120	12	1	1	0	50
0	50	120	100	100	140	12	1	1	0	50
0	50	140	100	100	160	12	1	1	0	50
100	0	0	120	100	50	12	2	2	0	50
100	0	50	120	100	100	12	2	2	0	50
100	0	100	120	100	150	12	2	2	0	50
0	0	0	100	50	20	12	1	1	0	51
0	0	20	100	50	40	12	1	1	0	51
0	0	40	100	50	60	12	1	1	0	51
0	0	60	100	50	80	12	1	1	0	51
0	0	80	100	50	100	12	1	1	0	51
0	0	100	100	50	120	12	1	1	0	51
0	0	120	100	50	140	12	1	1	0	51
0	0	140	100	50	160	12	1	1	0	51
0	50	0	100	100	20	12	1	1	0	51
0	50	20	100	100	40	12	1	1	0	51
0	50	40	100	100	60	12	1	1	0	51
0	50	60	100	100	80	12	1	1	0	51
0	50	80	100	100	100	12	1	1	0	51
0	50	100	100	100	120	12	1	1	0	51
0	50	120	100	100	140	12	1	1	0	51
0	50	140	100	100	160	12	1	1	0	51
100	0	0	120	100	50	12	2	2	0	51
100	0	50	120	100	100	12	2	2	0	51
100	0	100	120	100	150	12	2	2	0	51
0	0	0	100	50	20	12	1	1	0	52
0	0	20	100	50	40	12	1	1	0	52
0	0	40	100	50	60	12	1	1	0	52
0	0	60	100	50	80	12	1	1	0	52
0	0	80	100	50	100	12	1	1	0	52
0	0	100	100	50	120	12	1	1	0	52
0	0	120	100	50	140	12	1	1	0	52
0	0	140	100	50	160	12	1	1	0	52
0	50	0	100	100	20	12	1	1	0	52
0	50	20	100	100	40	12	1	1	0	52
0	50	40	100	100	60	12	1	1	0	52
0	50	60	100	100	80	12	1	1	0	52
0	50	80	100	100	100	12	1	1	0	52
0	50	100	100	100	120	12	1	1	0	52
0	50	120	100	100	140	12	1	1	0	52
0	50	140	100	100	160	12	1	1	0	52
100	0	0	120	100	50	12	2	2	0	52
100	0	50	120	100	100	12	2	2	0	52
100	0	100	120	100	150	12	2	2	0	52
0	0	0	50	100	20	12	1	1	0	53
0	0	20	50	100	40	12	1	1	0	53
0	0	40	50	100	60	12	1	1	0	53
0	0	60	50	100	80	12	1	1	0	53
0	0	80	50	100	100	12	1	1	0	53
0	0	100	50	100	120	12	1	1	0	53
0	0	120	50	100	140	12	1	1	0	53
0	0	140	50	100	160	12	1	1	0	53
50	0	0	100	100	20	12	1	1	0	53
50	0	20	100	100	40	12	1	1	0	53
50	0	40	100	100	60	12	1	1	0	53
50	0	60	100	100	80	12	1	1	0	53
50	0	80	100	100	100	12	1	1	0	53
50	0	100	100	100	120	12	1	1	0	53
50	0	120	100	100	140	12	1	1	0	53
50	0	140	100	100	160	12	1	1	0	53
100	0	0	120	100	50	6	2	2	0	53
100	0	50	120	100	100	6	2	2	0	53
100	0	100	120	100	150	6	2	2	0	53
0	0	0	50	100	20	6	1	1	0	54
0	0	20	50	100	40	6	1	1	0	54
0	0	40	50	100	60	6	1	1	0	54
0	0	60	50	100	80	6	1	1	0	54
0	0	80	50	100	100	6	1	1	0	54
0	0	100	50	100	120	6	1	1	0	54
0	0	120	50	100	140	6	1	1	0	54
0	0	140	50	100	160	6	1	1	0	54
50	0	0	100	100	20	6	1	1	0	54
50	0	20	100	100	40	6	1	1	0	54
50	0	40	100	100	60	6	1	1	0	54
50	0	60	100	100	80	6	1	1	0	54
50	0	80	100	100	100	6	1	1	0	54
50	0	100	100	100	120	6	1	1	0	54
50	0	120	100	100	140	6	1	1	0	54
50	0	140	100	100	160	6	1	1	0	54
100	0	0	120	100	50	6	2	2	0	54
100	0	50	120	100	100	6	2	2	0	54
100	0	100	120	100	150	6	2	2	0	54
0	0	0	50	100	20	6	1	1	0	55
0	0	20	50	100	40	6	1	1	0	55
0	0	40	50	100	60	6	1	1	0	55
0	0	60	50	100	80	6	1	1	0	55
0	0	80	50	100	100	6	1	1	0	55
0	0	100	50	100	120	6	1	1	0	55
0	0	120	50	100	140	6	1	1	0	55
0	0	140	50	100	160	6	1	1	0	55
50	0	0	100	100	20	6	1	1	0	55
50	0	20	100	100	40	6	1	1	0	55
50	0	40	100	100	60	6	1	1	0	55
50	0	60	100	100	80	6	1	1	0	55
50	0	80	100	100	100	6	1	1	0	55
50	0	100	100	100	120	6	1	1	0	55
50	0	120	100	100	140	6	1	1	0	55
50	0	140	100	100	160	6	1	1	0	55
100	0	0	120	100	50	6	2	2	0	55
100	0	50	120	100	100	6	2	2	0	55
100	0	100	120	100	150	6	2	2	0	55
0	0	0	50	100	20	6	1	1	0	56
0	0	20	50	100	40	6	1	1	0	56
0	0	40	50	100	60	6	1	1	0	56
0	0	60	50	100	80	6	1	1	0	56
0	0	80	50	100	100	6	1	1	0	56
0	0	100	50	100	120	6	1	1	0	56
0	0	120	50	100	140	6	1	1	0	56
0	0	140	50	100	160	6	1	1	0	56
50	0	0	100	100	20	6	1	1	0	56
50	0	20	100	100	40	6	1	1	0	56
50	0	40	100	100	60	6	1	1	0	56
50	0	60	100	100	80	6	1	1	0	56
50	0	80	100	100	100	6	1	1	0	56
50	0	100	100	100	120	6	1	1	0	56
50	0	120	100	100	140	6	1	1	0	56
50	0	140	100	100	160	6	1	1	0	56
100	0	0	120	100	50	6	2	2	0	56
100	0	50	120	100	100	6	2	2	0	56
100	0	100	120	100	150	6	2	2	0	56
0	0	0	50	100	20	6	1	1	0	57
0	0	20	50	100	40	6	1	1	0	57
0	0	40	50	100	60	6	1	1	0	57
0	0	60	50	100	80	6	1	1	0	57
0	0	80	50	100	100	6	1	1	0	57
0	0	100	50	100	120	6	1	1	0	57
0	0	120	50	100	140	6	1	1	0	57
0	0	140	50	100	160	6	1	1	0	57
50	0	0	100	100	20	6	1	1	0	57
50	0	20	100	100	40	6	1	1	0	57
50	0	40	100	100	60	6	1	1	0	57
50	0	60	100	100	80	6	1	1	0	57
50	0	80	100	100	100	6	1	1	0	57
50	0	100	100	100	120	6	1	1	0	57
50	0	120	100	100	140	6	1	1	0	57
50	0	140	100	100	160	6	1	1	0	57
100	0	0	120	100	50	6	2	2	0	57
100	0	50	120	100	100	6	2	2	0	57
100	0	100	120	100	150	6	2	2	0	57
0	0	0	50	100	20	6	1	1	0	58
0	0	20	50	100	40	6	1	1	0	58
0	0	40	50	100	60	6	1	1	0	58
0	0	60	50	100	80	6	1	1	0	58
0	0	80	50	100	100	6	1	1	0	58
0	0	100	50	100	120	6	1	1	0	58
0	0	120	50	100	140	6	1	1	0	58
0	0	140	50	100	160	6	1	1	0	58
50	0	0	100	100	20	6	1	1	0	58
50	0	20	100	100	40	6	1	1	0	58
50	0	40	100	100	60	6	1	1	0	58
50	0	60	100	100	80	6	1	1	0	58
50	0	80	100	100	100	6	1	1	0	58
50	0	100	100	100	120	6	1	1	0	58
50	0	120	100	100	140	6	1	1	0	58
50	0	140	100	100	160	6	1	1	0	58
100	0	0	120	100	50	6	2	2	0	58
100	0	50	120	100	100	6	2	2	0	58
100	0	100	120	100	150	6	2	2	0	58
0	0	0	50	100	20	6	1	1	0	59
0	0	20	50	100	40	6	1	1	0	59
0	0	40	50	100	60	6	1	1	0	59
0	0	60	50	100	80	6	1	1	0	59
0	0	80	50	100	100	6	1	1	0	59
0	0	100	50	100	120	6	1	1	0	59
0	0	120	50	100	140	6	1	1	0	59
0	0	140	50	100	160	6	1	1	0	59
50	0	0	100	100	20	6	1	1	0	59
50	0	20	100	100	40	6	1	1	0	59
50	0	40	100	100	60	6	1	1	0	59
50	0	60	100	100	80	6	1	1	0	59
50	0	80	100	100	100	6	1	1	0	59
50	0	100	100	100	120	6	1	1	0	59
50	0	120	100	100	140	6	1	1	0	59
50	0	140	100	100	160	6	1	1	0	59
100	0	0	120	100	50	6	2	2	0	59
100	0	50	120	100	100	6	2	2	0	59
100	0	100	120	100	150	6	2	2	0	59
0	0	0	50	100	20	6	1	1	0	60
0	0	20	50	100	40	6	1	1	0	60
0	0	40	50	100	60	6	1	1	0	60
0	0	60	50	100	80	6	1	1	0	60
0	0	80	50	100	100	6	1	1	0	60
0	0	100	50	100	120	6	1	1	0	60
0	0	120	50	100	140	6	1	1	0	60
0	0	140	50	100	160	6	1	1	0	60
50	0	0	100	100	20	6	1	1	0	60
50	0	20	100	100	40	6	1	1	0	60
50	0	40	100	100	60	6	1	1	0	60
50	0	60	100	100	80	6	1	1	0	60
50	0	80	100	100	100	6	1	1	0	60
50	0	100	100	100	120	6	1	1	0	60
50	0	120	100	100	140	6	1	1	0	60
50	0	140	100	100	160	6	1	1	0	60
100	0	0	120	100	50	6	2	2	0	60
100	0	50	120	100	100	6	2	2	0	60
100	0	100	120	100	150	6	2	2	0	60
0	0	0	30	50	80	4	1	1	0	61
0	0	80	30	50	160	4	1	1	0	61
30	0	0	60	50	80	4	1	1	0	61
30	0	80	60	50	160	4	1	1	0	61
60	0	0	90	50	80	4	1	1	0	61
60	0	80	90	50	160	4	1	1	0	61
90	0	0	120	50	80	4	1	1	0	61
90	0	80	120	50	160	4	1	1	0	61
0	50	0	100	100	20	6	2	2	0	61
0	50	20	100	100	40	6	2	2	0	61
0	50	40	100	100	60	6	2	2	0	61
0	50	60	100	100	80	6	2	2	0	61
0	50	80	100	100	100	6	2	2	0	61
0	50	100	100	100	120	6	2	2	0	61
0	50	120	100	100	140	6	2	2	0	61
0	50	140	100	100	160	6	2	2	0	61
100	60	0	120	100	150	0	3	3	0	61
0	0	0	70	50	35	3	1	1	0	62
0	0	35	70	50	70	3	1	1	0	62
0	0	70	70	50	105	3	1	1	0	62
0	0	105	70	50	140	3	1	1	0	62
0	50	0	70	100	35	3	1	1	0	62
0	50	35	70	100	70	3	1	1	0	62
0	50	70	70	100	105	3	1	1	0	62
0	50	105	70	100	140	3	1	1	0	62
0	0	140	50	100	160	12	2	2	0	62
70	0	0	120	100	20	6	3	3	0	62
70	0	20	120	100	40	6	3	3	0	62
70	0	40	120	100	60	6	3	3	0	62
70	0	60	120	100	80	6	3	3	0	62
70	0	80	120	100	100	6	3	3	0	62
70	0	100	120	100	120	6	3	3	0	62
70	0	120	120	100	140	6	3	3	0	62
70	0	140	120	100	160	6	3	3	0	62
0	0	0	90	50	25	11	1	1	0	63
0	0	25	90	50	50	11	1	1	0	63
0	0	50	90	50	75	11	1	1	0	63
0	0	75	90	50	100	11	1	1	0	63
0	0	100	90	50	125	11	1	1	0	63
0	0	125	90	50	150	11	1	1	0	63
0	50	0	90	100	25	11	1	1	0	63
0	50	25	90	100	50	11	1	1	0	63
0	50	50	90	100	75	11	1	1	0	63
0	50	75	90	100	100	11	1	1	0	63
0	50	100	90	100	125	11	1	1	0	63
0	50	125	90	100	150	11	1	1	0	63
90	0	0	105	50	110	7	2	2	0	63
90	50	0	105	100	110	7	2	2	0	63
105	0	0	120	50	110	7	2	2	0	63
105	50	0	120	100	110	7	2	2	0	63
90	0	110	115	90	160	5	3	3	0	63
0	0	0	60	50	40	2	1	1	0	64
0	50	0	60	100	40	2	1	1	0	64
60	0	0	120	50	40	2	1	1	0	64
60	50	0	120	100	40	2	1	1	0	64
0	0	40	35	50	110	3	2	2	0	64
0	50	40	35	100	110	3	2	2	0	64
35	0	40	70	50	110	3	2	2	0	64
35	50	40	70	100	110	3	2	2	0	64
70	0	40	105	50	110	3	2	2	0	64
70	50	40	105	100	110	3	2	2	0	64
0	0	110	50	90	135	11	3	3	0	64
0	0	135	50	90	160	11	3	3	0	64
50	0	110	100	90	135	11	3	3	0	64
50	0	135	100	90	160	11	3	3	0	64
105	0	40	120	50	150	13	4	4	0	64
105	50	40	120	100	150	13	4	4	0	64
0	0	0	35	50	70	3	1	1	0	65
0	50	0	35	100	70	3	1	1	0	65
35	0	0	70	50	70	3	1	1	0	65
35	50	0	70	100	70	3	1	1	0	65
70	0	0	105	50	70	3	1	1	0	65
70	50	0	105	100	70	3	1	1	0	65
0	0	70	25	50	160	5	2	2	0	65
0	50	70	25	100	160	5	2	2	0	65
25	0	70	50	50	160	5	2	2	0	65
25	50	70	50	100	160	5	2	2	0	65
50	0	70	75	50	160	5	2	2	0	65
50	50	70	75	100	160	5	2	2	0	65
75	0	70	100	50	160	5	2	2	0	65
75	50	70	100	100	160	5	2	2	0	65
105	0	0	120	50	110	7	3	3	0	65
105	50	0	120	100	110	7	3	3	0	65
0	0	0	35	50	70	3	1	1	0	66
0	50	0	35	100	70	3	1	1	0	66
35	0	0	70	50	70	3	1	1	0	66
35	50	0	70	100	70	3	1	1	0	66
70	0	0	105	50	70	3	1	1	0	66
70	50	0	105	100	70	3	1	1	0	66
0	0	70	50	25	160	5	2	2	0	66
0	25	70	50	50	160	5	2	2	0	66
0	50	70	50	75	160	5	2	2	0	66
0	75	70	50	100	160	5	2	2	0	66
50	0	70	100	25	160	5	2	2	0	66
50	25	70	100	50	160	5	2	2	0	66
50	50	70	100	75	160	5	2	2	0	66
50	75	70	100	100	160	5	2	2	0	66
105	0	0	120	50	110	7	3	3	0	66
105	50	0	120	100	110	7	3	3	0	66
0	0	0	50	50	130	9	1	1	0	67
0	50	0	50	100	130	9	1	1	0	67
50	0	0	100	50	130	9	1	1	0	67
50	50	0	100	100	130	9	1	1	0	67
0	0	130	50	90	155	11	2	2	0	67
50	0	130	100	90	155	11	2	2	0	67
100	0	0	120	40	150	0	3	3	0	67
100	40	0	120	80	150	0	3	3	0	67
0	0	0	50	50	130	9	1	1	0	68
0	50	0	50	100	130	9	1	1	0	68
50	0	0	100	50	130	9	1	1	0	68
50	50	0	100	100	130	9	1	1	0	68
0	0	130	50	90	155	11	2	2	0	68
50	0	130	100	90	155	11	2	2	0	68
100	0	0	120	40	150	0	3	3	0	68
100	40	0	120	80	150	0	3	3	0	68
0	0	0	70	50	35	3	1	1	0	69
0	0	35	70	50	70	3	1	1	0	69
0	0	70	70	50	105	3	1	1	0	69
0	0	105	70	50	140	3	1	1	0	69
0	50	0	70	100	35	3	1	1	0	69
0	50	35	70	100	70	3	1	1	0	69
0	50	70	70	100	105	3	1	1	0	69
0	50	105	70	100	140	3	1	1	0	69
70	0	0	120	50	130	9	2	2	0	69
70	50	0	120	100	130	9	2	2	0	69
70	0	130	120	90	155	5	3	3	0	69
0	0	0	70	50	35	3	1	1	0	70
0	0	35	70	50	70	3	1	1	0	70
0	0	70	70	50	105	3	1	1	0	70
0	0	105	70	50	140	3	1	1	0	70
0	50	0	70	100	35	3	1	1	0	70
0	50	35	70	100	70	3	1	1	0	70
0	50	70	70	100	105	3	1	1	0	70
0	50	105	70	100	140	3	1	1	0	70
70	0	0	120	50	130	9	2	2	0	70
70	50	0	120	100	130	9	2	2	0	70
70	0	130	120	90	155	5	3	3	0	70
0	0	0	70	50	35	3	1	1	0	71
0	0	35	70	50	70	3	1	1	0	71
0	0	70	70	50	105	3	1	1	0	71
0	0	105	70	50	140	3	1	1	0	71
0	50	0	70	100	35	3	1	1	0	71
0	50	35	70	100	70	3	1	1	0	71
0	50	70	70	100	105	3	1	1	0	71
0	50	105	70	100	140	3	1	1	0	71
70	0	0	120	50	130	9	2	2	0	71
70	50	0	120	100	130	9	2	2	0	71
70	0	130	120	90	155	5	3	3	0	71
0	0	0	70	50	35	3	1	1	0	72
0	0	35	70	50	70	3	1	1	0	72
0	0	70	70	50	105	3	1	1	0	72
0	0	105	70	50	140	3	1	1	0	72
0	50	0	70	100	35	3	1	1	0	72
0	50	35	70	100	70	3	1	1	0	72
0	50	70	70	100	105	3	1	1	0	72
0	50	105	70	100	140	3	1	1	0	72
70	0	0	120	50	130	9	2	2	0	72
70	50	0	120	100	130	9	2	2	0	72
70	0	130	120	90	155	5	3	3	0	72
0	0	0	70	50	35	3	1	1	0	73
0	0	35	70	50	70	3	1	1	0	73
0	0	70	70	50	105	3	1	1	0	73
0	0	105	70	50	140	3	1	1	0	73
0	50	0	70	100	35	3	1	1	0	73
0	50	35	70	100	70	3	1	1	0	73
0	50	70	70	100	105	3	1	1	0	73
0	50	105	70	100	140	3	1	1	0	73
70	0	0	120	50	130	9	2	2	0	73
70	50	0	120	100	130	9	2	2	0	73
70	0	130	120	90	155	5	3	3	0	73
0	0	0	70	50	35	3	1	1	0	74
0	0	35	70	50	70	3	1	1	0	74
0	0	70	70	50	105	3	1	1	0	74
0	0	105	70	50	140	3	1	1	0	74
0	50	0	70	100	35	3	1	1	0	74
0	50	35	70	100	70	3	1	1	0	74
0	50	70	70	100	105	3	1	1	0	74
0	50	105	70	100	140	3	1	1	0	74
70	0	0	120	50	130	9	2	2	0	74
70	50	0	120	100	130	9	2	2	0	74
70	0	130	120	90	155	5	3	3	0	74
0	0	0	70	50	35	3	1	1	0	75
0	0	35	70	50	70	3	1	1	0	75
0	0	70	70	50	105	3	1	1	0	75
0	0	105	70	50	140	3	1	1	0	75
0	50	0	70	100	35	3	1	1	0	75
0	50	35	70	100	70	3	1	1	0	75
0	50	70	70	100	105	3	1	1	0	75
0	50	105	70	100	140	3	1	1	0	75
70	0	0	120	50	130	9	2	2	0	75
70	50	0	120	100	130	9	2	2	0	75
70	0	130	120	90	155	5	3	3	0	75
0	0	0	70	50	35	3	1	1	0	76
0	0	35	70	50	70	3	1	1	0	76
0	0	70	70	50	105	3	1	1	0	76
0	0	105	70	50	140	3	1	1	0	76
0	50	0	70	100	35	3	1	1	0	76
0	50	35	70	100	70	3	1	1	0	76
0	50	70	70	100	105	3	1	1	0	76
0	50	105	70	100	140	3	1	1	0	76
70	0	0	120	50	130	9	2	2	0	76
70	50	0	120	100	130	9	2	2	0	76
70	0	130	120	90	155	5	3	3	0	76
0	0	0	70	50	35	3	1	1	0	77
0	0	35	70	50	70	3	1	1	0	77
0	0	70	70	50	105	3	1	1	0	77
0	0	105	70	50	140	3	1	1	0	77
0	50	0	70	100	35	3	1	1	0	77
0	50	35	70	100	70	3	1	1	0	77
0	50	70	70	100	105	3	1	1	0	77
0	50	105	70	100	140	3	1	1	0	77
70	0	0	120	50	130	9	2	2	0	77
70	50	0	120	100	130	9	2	2	0	77
70	0	130	120	90	155	5	3	3	0	77
0	0	0	90	50	25	5	1	1	0	78
0	0	25	90	50	50	5	1	1	0	78
0	0	50	90	50	75	5	1	1	0	78
0	0	75	90	50	100	5	1	1	0	78
0	0	100	90	50	125	5	1	1	0	78
0	0	125	90	50	150	5	1	1	0	78
0	50	0	90	100	25	5	1	1	0	78
0	50	25	90	100	50	5	1	1	0	78
0	50	50	90	100	75	5	1	1	0	78
0	50	75	90	100	100	5	1	1	0	78
0	50	100	90	100	125	5	1	1	0	78
0	50	125	90	100	150	5	1	1	0	78
90	0	0	115	90	50	5	2	2	0	78
90	0	50	115	90	100	5	2	2	0	78
90	0	100	115	90	150	5	2	2	0	78
0	0	0	90	50	25	5	1	1	0	79
0	0	25	90	50	50	5	1	1	0	79
0	0	50	90	50	75	5	1	1	0	79
0	0	75	90	50	100	5	1	1	0	79
0	0	100	90	50	125	5	1	1	0	79
0	0	125	90	50	150	5	1	1	0	79
0	50	0	90	100	25	5	1	1	0	79
0	50	25	90	100	50	5	1	1	0	79
0	50	50	90	100	75	5	1	1	0	79
0	50	75	90	100	100	5	1	1	0	79
0	50	100	90	100	125	5	1	1	0	79
0	50	125	90	100	150	5	1	1	0	79
90	0	0	115	90	50	5	2	2	0	79
90	0	50	115	90	100	5	2	2	0	79
90	0	100	115	90	150	5	2	2	0	79
0	0	0	90	50	25	5	1	1	0	80
0	0	25	90	50	50	5	1	1	0	80
0	0	50	90	50	75	5	1	1	0	80
0	0	75	90	50	100	5	1	1	0	80
0	0	100	90	50	125	5	1	1	0	80
0	0	125	90	50	150	5	1	1	0	80
0	50	0	90	100	25	5	1	1	0	80
0	50	25	90	100	50	5	1	1	0	80
0	50	50	90	100	75	5	1	1	0	80
0	50	75	90	100	100	5	1	1	0	80
0	50	100	90	100	125	5	1	1	0	80
0	50	125	90	100	150	5	1	1	0	80
90	0	0	115	90	50	5	2	2	0	80
90	0	50	115	90	100	5	2	2	0	80
90	0	100	115	90	150	5	2	2	0	80
0	0	0	90	50	25	5	1	1	0	81
0	0	25	90	50	50	5	1	1	0	81
0	0	50	90	50	75	5	1	1	0	81
0	0	75	90	50	100	5	1	1	0	81
0	0	100	90	50	125	5	1	1	0	81
0	0	125	90	50	150	5	1	1	0	81
0	50	0	90	100	25	5	1	1	0	81
0	50	25	90	100	50	5	1	1	0	81
0	50	50	90	100	75	5	1	1	0	81
0	50	75	90	100	100	5	1	1	0	81
0	50	100	90	100	125	5	1	1	0	81
0	50	125	90	100	150	5	1	1	0	81
90	0	0	115	90	50	5	2	2	0	81
90	0	50	115	90	100	5	2	2	0	81
90	0	100	115	90	150	5	2	2	0	81
0	0	0	90	50	25	5	1	1	0	82
0	0	25	90	50	50	5	1	1	0	82
0	0	50	90	50	75	5	1	1	0	82
0	0	75	90	50	100	5	1	1	0	82
0	0	100	90	50	125	5	1	1	0	82
0	0	125	90	50	150	5	1	1	0	82
0	50	0	90	100	25	5	1	1	0	82
0	50	25	90	100	50	5	1	1	0	82
0	50	50	90	100	75	5	1	1	0	82
0	50	75	90	100	100	5	1	1	0	82
0	50	100	90	100	125	5	1	1	0	82
0	50	125	90	100	150	5	1	1	0	82
90	0	0	115	90	50	5	2	2	0	82
90	0	50	115	90	100	5	2	2	0	82
90	0	100	115	90	150	5	2	2	0	82
0	0	0	90	50	25	5	1	1	0	83
0	0	25	90	50	50	5	1	1	0	83
0	0	50	90	50	75	5	1	1	0	83
0	0	75	90	50	100	5	1	1	0	83
0	0	100	90	50	125	5	1	1	0	83
0	0	125	90	50	150	5	1	1	0	83
0	50	0	90	100	25	5	1	1	0	83
0	50	25	90	100	50	5	1	1	0	83
0	50	50	90	100	75	5	1	1	0	83
0	50	75	90	100	100	5	1	1	0	83
0	50	100	90	100	125	5	1	1	0	83
0	50	125	90	100	150	5	1	1	0	83
90	0	0	115	90	50	5	2	2	0	83
90	0	50	115	90	100	5	2	2	0	83
90	0	100	115	90	150	5	2	2	0	83
0	0	0	90	50	25	5	1	1	0	84
0	0	25	90	50	50	5	1	1	0	84
0	0	50	90	50	75	5	1	1	0	84
0	0	75	90	50	100	5	1	1	0	84
0	0	100	90	50	125	5	1	1	0	84
0	0	125	90	50	150	5	1	1	0	84
0	50	0	90	100	25	5	1	1	0	84
0	50	25	90	100	50	5	1	1	0	84
0	50	50	90	100	75	5	1	1	0	84
0	50	75	90	100	100	5	1	1	0	84
0	50	100	90	100	125	5	1	1	0	84
0	50	125	90	100	150	5	1	1	0	84
90	0	0	115	90	50	5	2	2	0	84
90	0	50	115	90	100	5	2	2	0	84
90	0	100	115	90	150	5	2	2	0	84
0	0	0	90	50	25	5	1	1	0	85
0	0	25	90	50	50	5	1	1	0	85
0	0	50	90	50	75	5	1	1	0	85
0	0	75	90	50	100	5	1	1	0	85
0	0	100	90	50	125	5	1	1	0	85
0	0	125	90	50	150	5	1	1	0	85
0	50	0	90	100	25	5	1	1	0	85
0	50	25	90	100	50	5	1	1	0	85
0	50	50	90	100	75	5	1	1	0	85
0	50	75	90	100	100	5	1	1	0	85
0	50	100	90	100	125	5	1	1	0	85
0	50	125	90	100	150	5	1	1	0	85
90	0	0	115	90	50	5	2	2	0	85
90	0	50	115	90	100	5	2	2	0	85
90	0	100	115	90	150	5	2	2	0	85
0	0	0	90	50	25	5	1	1	0	86
0	0	25	90	50	50	5	1	1	0	86
0	0	50	90	50	75	5	1	1	0	86
0	0	75	90	50	100	5	1	1	0	86
0	0	100	90	50	125	5	1	1	0	86
0	0	125	90	50	150	5	1	1	0	86
0	50	0	90	100	25	5	1	1	0	86
0	50	25	90	100	50	5	1	1	0	86
0	50	50	90	100	75	5	1	1	0	86
0	50	75	90	100	100	5	1	1	0	86
0	50	100	90	100	125	5	1	1	0	86
0	50	125	90	100	150	5	1	1	0	86
90	0	0	115	90	50	5	2	2	0	86
90	0	50	115	90	100	5	2	2	0	86
90	0	100	115	90	150	5	2	2	0	86
0	0	0	90	50	25	5	1	1	0	87
0	0	25	90	50	50	5	1	1	0	87
0	0	50	90	50	75	5	1	1	0	87
0	0	75	90	50	100	5	1	1	0	87
0	0	100	90	50	125	5	1	1	0	87
0	0	125	90	50	150	5	1	1	0	87
0	50	0	90	100	25	5	1	1	0	87
0	50	25	90	100	50	5	1	1	0	87
0	50	50	90	100	75	5	1	1	0	87
0	50	75	90	100	100	5	1	1	0	87
0	50	100	90	100	125	5	1	1	0	87
0	50	125	90	100	150	5	1	1	0	87
90	0	0	115	90	50	5	2	2	0	87
90	0	50	115	90	100	5	2	2	0	87
90	0	100	115	90	150	5	2	2	0	87
0	0	0	90	50	25	5	1	1	0	88
0	0	25	90	50	50	5	1	1	0	88
0	0	50	90	50	75	5	1	1	0	88
0	0	75	90	50	100	5	1	1	0	88
0	0	100	90	50	125	5	1	1	0	88
0	0	125	90	50	150	5	1	1	0	88
0	50	0	90	100	25	5	1	1	0	88
0	50	25	90	100	50	5	1	1	0	88
0	50	50	90	100	75	5	1	1	0	88
0	50	75	90	100	100	5	1	1	0	88
0	50	100	90	100	125	5	1	1	0	88
0	50	125	90	100	150	5	1	1	0	88
90	0	0	115	90	50	5	2	2	0	88
90	0	50	115	90	100	5	2	2	0	88
90	0	100	115	90	150	5	2	2	0	88
0	0	0	50	50	130	15	1	1	0	89
0	50	0	50	100	130	15	1	1	0	89
50	0	0	100	50	130	15	1	1	0	89
50	50	0	100	100	130	15	1	1	0	89
0	0	130	90	50	155	5	2	2	0	89
0	50	130	90	100	155	5	2	2	0	89
100	0	0	115	50	110	13	3	3	0	89
0	0	0	50	50	130	15	1	1	0	90
0	50	0	50	100	130	15	1	1	0	90
50	0	0	100	50	130	15	1	1	0	90
50	50	0	100	100	130	15	1	1	0	90
0	0	130	90	50	155	5	2	2	0	90
0	50	130	90	100	155	5	2	2	0	90
0	0	0	50	50	130	9	1	1	0	91
0	50	0	50	100	130	9	1	1	0	91
50	0	0	100	50	130	9	1	1	0	91
50	50	0	100	100	130	9	1	1	0	91
0	0	130	90	50	155	5	2	2	0	91
0	50	130	90	100	155	5	2	2	0	91
0	0	0	35	50	70	3	1	1	0	92
35	0	0	70	50	70	3	1	1	0	92
0	50	0	50	100	130	9	2	2	0	92
50	50	0	100	100	130	9	2	2	0	92
0	50	130	90	100	155	5	3	3	0	92
0	0	70	60	50	110	2	4	4	0	92
0	0	110	60	50	150	2	4	4	0	92
70	0	0	120	50	130	9	5	5	0	92
0	0	0	50	50	130	9	1	1	0	93
0	50	0	50	100	130	9	1	1	0	93
50	0	0	100	50	130	9	1	1	0	93
50	50	0	100	100	130	9	1	1	0	93
0	0	130	90	50	155	5	2	2	0	93
0	50	130	90	100	155	5	2	2	0	93
0	0	0	50	50	130	15	1	1	0	94
0	50	0	50	100	130	15	1	1	0	94
50	0	0	100	50	130	15	2	2	0	94
50	50	0	100	100	130	15	2	2	0	94
0	0	0	50	50	130	15	1	1	0	95
0	50	0	50	100	130	15	1	1	0	95
50	0	0	100	50	130	15	2	2	0	95
50	50	0	100	100	130	15	2	2	0	95
0	0	0	50	50	130	15	1	1	0	96
0	50	0	50	100	130	15	1	1	0	96
50	0	0	100	50	130	15	2	2	0	96
50	50	0	100	100	130	15	2	2	0	96
0	0	0	50	50	130	15	1	1	0	97
0	50	0	50	100	130	15	1	1	0	97
50	0	0	100	50	130	15	2	2	0	97
50	50	0	100	100	130	15	2	2	0	97
0	0	0	50	50	130	15	1	1	0	98
0	50	0	50	100	130	15	1	1	0	98
50	0	0	100	50	130	15	2	2	0	98
50	50	0	100	100	130	15	2	2	0	98
0	0	0	50	50	130	15	1	1	0	99
0	50	0	50	100	130	15	1	1	0	99
50	0	0	100	50	130	15	2	2	0	99
50	50	0	100	100	130	15	2	2	0	99
0	0	0	50	50	130	15	1	1	0	100
0	50	0	50	100	130	15	1	1	0	100
50	0	0	100	50	130	15	2	2	0	100
50	50	0	100	100	130	15	2	2	0	100
0	0	0	50	50	130	15	1	1	0	101
0	50	0	50	100	130	15	1	1	0	101
50	0	0	100	50	130	15	2	2	0	101
50	50	0	100	100	130	15	2	2	0	101
0	0	0	50	50	130	15	1	1	0	102
0	50	0	50	100	130	15	1	1	0	102
50	0	0	100	50	130	15	2	2	0	102
50	50	0	100	100	130	15	2	2	0	102
0	0	0	50	50	130	15	1	1	0	103
0	50	0	50	100	130	15	1	1	0	103
50	0	0	100	50	130	15	2	2	0	103
50	50	0	100	100	130	15	2	2	0	103
0	0	0	50	50	130	15	1	1	0	104
0	50	0	50	100	130	15	1	1	0	104
50	0	0	100	50	130	9	2	2	0	104
50	50	0	100	100	130	9	2	2	0	104
0	0	0	50	50	45	1	1	1	0	105
0	50	0	50	100	45	1	1	1	0	105
50	0	0	100	50	130	9	2	2	0	105
50	50	0	100	100	45	1	3	3	0	105
0	0	0	45	50	50	1	1	1	0	106
0	50	0	45	100	50	1	1	1	0	106
45	0	0	90	50	50	1	1	1	0	106
45	50	0	90	100	50	1	1	1	0	106
0	0	0	45	50	50	1	1	1	0	107
0	50	0	45	100	50	1	1	1	0	107
45	0	0	90	50	50	1	1	1	0	107
45	50	0	90	100	50	1	1	1	0	107
0	0	0	45	50	50	1	1	1	0	108
0	50	0	45	100	50	1	1	1	0	108
45	0	0	90	50	50	1	1	1	0	108
45	50	0	90	100	50	1	1	1	0	108
0	0	0	45	50	50	1	1	1	0	109
0	50	0	45	100	50	1	1	1	0	109
45	0	0	90	50	50	1	1	1	0	109
45	50	0	90	100	50	1	1	1	0	109

16	1

220	243	227

0	20	1	40	1	150	1	50	10000	3	16	62	0	0	Table

1	50	0	50	1	45	1	20	10000	4000000	0	0	0	0	Tv

2	50	1	60	0	40	1	30	10000	0	4000000	16	0	0	Bed

3	50	1	70	1	35	1	100	10000	4000000	4000000	4000000	0	0	Chair

4	50	1	80	1	30	1	200	10000	4000000	4000000	4000000	0	0	Item 4

5	50	1	90	1	25	1	200	10000	4000000	4000000	4000000	0	0	Item 5

6	50	1	100	1	20	1	200	10000	4000000	4000000	4000000	0	0	Item 6

7	50	1	110	1	15	1	200	10000	4000000	4000000	4000000	0	0	Item 7

8	50	1	120	1	10	1	40	10000	4000000	4000000	4000000	0	0	Item 8

9	50	1	130	1	50	1	40	10000	4000000	4000000	4000000	0	0	Item 9

10	50	1	80	1	30	1	200	10000	4000000	4000000	4000000	0	0	Item 10

11	50	1	90	1	25	1	20	10000	4000000	4000000	4000000	0	0	Item 11

12	50	1	100	1	20	1	200	10000	4000000	4000000	4000000	0	0	Item 12

13	50	1	110	1	15	1	35	10000	4000000	4000000	4000000	0	0	Item 13

14	50	1	120	1	10	1	40	10000	4000000	4000000	4000000	0	0	Item 14

15	50	1	130	1	50	1	50	10000	4000000	4000000	4000000	0	0	Item 15


