4
64
4
200
1 1 1 1
0 1 2 3 4 5 6 7 8 9 10 11 12 13 14 15 16 17 18 19 20 21 22 23 24 25 26 27 28 29 30 31 32 33 34 35 36 37 38 39 40 41 42 43 44 45 46 47 48 49 50 51 52 53 54 55 56 57 58 59 60 61 62 63
0 1 2 3 4 5 6 7 8 9 10 11 12 13 14 15 16 17 18 19 20 21 22 23 24 25 26 27 28 29 30 31 32 33 34 35 36 37 38 39 40 41 42 43 44 45 46 47 48 49 50 51 52 53 54 55 56 57 58 59 60 61 62 63
0 1 2 3 4 5 6 7 8 9 10 11 12 13 14 15 16 17 18 19 20 21 22 23 24 25 26 27 28 29 30 31 32 33 34 35 36 37 38 39 40 41 42 43 44 45 46 47 48 49 50 51 52 53 54 55 56 57 58 59 60 61 62 63
0 1 2 3 4 5 6 7 8 9 10 11 12 13 14 15 16 17 18 19 20 21 22 23 24 25 26 27 28 29 30 31 32 33 34 35 36 37 38 39 40 41 42 43 44 45 46 47 48 49 50 51 52 53 54 55 56 57 58 59 60 61 62 63
0 0 0
0 0 90
0 0 180
0 0 270
0 90 0
0 90 90
0 90 180
0 90 270
0 180 0
0 180 90
0 180 180
0 180 270
0 270 0
0 270 90
0 270 180
0 270 270
90 0 0
90 0 90
90 0 180
90 0 270
90 90 0
90 90 90
90 90 180
90 90 270
90 180 0
90 180 90
90 180 180
90 180 270
90 270 0
90 270 90
90 270 180
90 270 270
180 0 0
180 0 90
180 0 180
180 0 270
180 90 0
180 90 90
180 90 180
180 90 270
180 180 0
180 180 90
180 180 180
180 180 270
180 270 0
180 270 90
180 270 180
180 270 270
270 0 0
270 0 90
270 0 180
270 0 270
270 90 0
270 90 90
270 90 180
270 90 270
270 180 0
270 180 90
270 180 180
270 180 270
270 270 0
270 270 90
270 270 180
270 270 270
0
1
2
3
0 1 2 3 4 5 6 7
8 9 10 11 12 13 14 15 16 17 18 19 20 21 22 23 24 25 26 27 28 29 30 31 32 33 34 35 36 37 38 39 40 41 42 43 44 45 46 47 48 49 50 51 52 53 54 55 56 57 58 59 60 61 62 63 64 65 66 67 68 69 70 71
72 73 74 75 76 77 78 79 80 81 82 83 84 85 86 87 88 89 90 91 92 93 94 95 96 97 98 99 100 101 102 103 104 105 106 107 108 109 110 111 112 113 114 115 116 117 118 119 120 121 122 123 124 125 126 127 128 129 130 131 132 133 134 135
136 137 138 139 140 141 142 143 144 145 146 147 148 149 150 151 152 153 154 155 156 157 158 159 160 161 162 163 164 165 166 167 168 169 170 171 172 173 174 175 176 177 178 179 180 181 182 183 184 185 186 187 188 189 190 191 192 193 194 195 196 197 198 199
0 0 0
50 0 0
0 50 0
50 50 0
0 0 50
50 0 50
0 50 50
50 50 50
0 0 0
0 0 50
-0,482693 4,900857 0
-0,482693 4,900857 50
-1,91222 9,613378 0
-1,91222 9,613378 50
-4,233646 13,95646 0
-4,233646 13,95646 50
-7,35776 17,7632 0
-7,35776 17,7632 50
-11,16451 20,88732 0
-11,16451 20,88732 50
-15,50759 23,20874 0
-15,50759 23,20874 50
-20,22011 24,63827 0
-20,22011 24,63827 50
-25,12097 25,12096 0
-25,12097 25,12096 50
-30,02182 24,63827 0
-30,02182 24,63827 50
-34,73434 23,20874 0
-34,73434 23,20874 50
-39,07743 20,88732 0
-39,07743 20,88732 50
-42,88417 17,7632 0
-42,88417 17,7632 50
-46,00828 13,95646 0
-46,00828 13,95646 50
-48,32971 9,613373 0
-48,32971 9,613373 50
-49,75924 4,900856 0
-49,75924 4,900856 50
-50,24193 -2,196144E-06 0
-50,24193 -2,196144E-06 50
-49,75924 -4,900861 0
-49,75924 -4,900861 50
-48,32971 -9,613377 0
-48,32971 -9,613377 50
-46,00828 -13,95646 0
-46,00828 -13,95646 50
-42,88416 -17,76321 0
-42,88416 -17,76321 50
-39,07742 -20,88732 0
-39,07742 -20,88732 50
-34,73433 -23,20875 0
-34,73433 -23,20875 50
-30,02182 -24,63827 0
-30,02182 -24,63827 50
-25,12096 -25,12096 0
-25,12096 -25,12096 50
-20,2201 -24,63827 0
-20,2201 -24,63827 50
-15,50758 -23,20874 0
-15,50758 -23,20874 50
-11,1645 -20,88732 0
-11,1645 -20,88732 50
-7,357754 -17,7632 0
-7,357754 -17,7632 50
-4,233646 -13,95646 0
-4,233646 -13,95646 50
-1,912219 -9,613377 0
-1,912219 -9,613377 50
-0,4826915 -4,900855 0
-0,4826915 -4,900855 50
0 0 0
0 0 50
-0,482693 4,900857 0
-0,482693 4,900857 50
-1,91222 9,613378 0
-1,91222 9,613378 50
-4,233646 13,95646 0
-4,233646 13,95646 50
-7,35776 17,7632 0
-7,35776 17,7632 50
-11,16451 20,88732 0
-11,16451 20,88732 50
-15,50759 23,20874 0
-15,50759 23,20874 50
-20,22011 24,63827 0
-20,22011 24,63827 50
-25,12097 25,12096 0
-25,12097 25,12096 50
-30,02182 24,63827 0
-30,02182 24,63827 50
-34,73434 23,20874 0
-34,73434 23,20874 50
-39,07743 20,88732 0
-39,07743 20,88732 50
-42,88417 17,7632 0
-42,88417 17,7632 50
-46,00828 13,95646 0
-46,00828 13,95646 50
-48,32971 9,613373 0
-48,32971 9,613373 50
-49,75924 4,900856 0
-49,75924 4,900856 50
-50,24193 -2,196144E-06 0
-50,24193 -2,196144E-06 50
-49,75924 -4,900861 0
-49,75924 -4,900861 50
-48,32971 -9,613377 0
-48,32971 -9,613377 50
-46,00828 -13,95646 0
-46,00828 -13,95646 50
-42,88416 -17,76321 0
-42,88416 -17,76321 50
-39,07742 -20,88732 0
-39,07742 -20,88732 50
-34,73433 -23,20875 0
-34,73433 -23,20875 50
-30,02182 -24,63827 0
-30,02182 -24,63827 50
-25,12096 -25,12096 0
-25,12096 -25,12096 50
-20,2201 -24,63827 0
-20,2201 -24,63827 50
-15,50758 -23,20874 0
-15,50758 -23,20874 50
-11,1645 -20,88732 0
-11,1645 -20,88732 50
-7,357754 -17,7632 0
-7,357754 -17,7632 50
-4,233646 -13,95646 0
-4,233646 -13,95646 50
-1,912219 -9,613377 0
-1,912219 -9,613377 50
-0,4826915 -4,900855 0
-0,4826915 -4,900855 50
0 0 0
0 0 50
-0,482693 4,900857 0
-0,482693 4,900857 50
-1,91222 9,613378 0
-1,91222 9,613378 50
-4,233646 13,95646 0
-4,233646 13,95646 50
-7,35776 17,7632 0
-7,35776 17,7632 50
-11,16451 20,88732 0
-11,16451 20,88732 50
-15,50759 23,20874 0
-15,50759 23,20874 50
-20,22011 24,63827 0
-20,22011 24,63827 50
-25,12097 25,12096 0
-25,12097 25,12096 50
-30,02182 24,63827 0
-30,02182 24,63827 50
-34,73434 23,20874 0
-34,73434 23,20874 50
-39,07743 20,88732 0
-39,07743 20,88732 50
-42,88417 17,7632 0
-42,88417 17,7632 50
-46,00828 13,95646 0
-46,00828 13,95646 50
-48,32971 9,613373 0
-48,32971 9,613373 50
-49,75924 4,900856 0
-49,75924 4,900856 50
-50,24193 -2,196144E-06 0
-50,24193 -2,196144E-06 50
-49,75924 -4,900861 0
-49,75924 -4,900861 50
-48,32971 -9,613377 0
-48,32971 -9,613377 50
-46,00828 -13,95646 0
-46,00828 -13,95646 50
-42,88416 -17,76321 0
-42,88416 -17,76321 50
-39,07742 -20,88732 0
-39,07742 -20,88732 50
-34,73433 -23,20875 0
-34,73433 -23,20875 50
-30,02182 -24,63827 0
-30,02182 -24,63827 50
-25,12096 -25,12096 0
-25,12096 -25,12096 50
-20,2201 -24,63827 0
-20,2201 -24,63827 50
-15,50758 -23,20874 0
-15,50758 -23,20874 50
-11,1645 -20,88732 0
-11,1645 -20,88732 50
-7,357754 -17,7632 0
-7,357754 -17,7632 50
-4,233646 -13,95646 0
-4,233646 -13,95646 50
-1,912219 -9,613377 0
-1,912219 -9,613377 50
-0,4826915 -4,900855 0
-0,4826915 -4,900855 50
