6
64
6
98
2 2 5 4 5 5
0 1 2 3 4 5 6 7 8 9 10 11 12 13 14 15 16 17 18 19 20 21 22 23 24 25 26 27 28 29 30 31 32 33 34 35 36 37 38 39 40 41 42 43 44 45 46 47 48 49 50 51 52 53 54 55 56 57 58 59 60 61 62 63
0 1 2 3 4 5 6 7 8 9 10 11 12 13 14 15 16 17 18 19 20 21 22 23 24 25 26 27 28 29 30 31 32 33 34 35 36 37 38 39 40 41 42 43 44 45 46 47 48 49 50 51 52 53 54 55 56 57 58 59 60 61 62 63
0
0 1 2 3 4 5 6 7 8 9 10 11 12 13 14 15 16 17 18 19 20 21 22 23 24 25 26 27 28 29 30 31 32 33 34 35 36 37 38 39 40 41 42 43 44 45 46 47 48 49 50 51 52 53 54 55 56 57 58 59 60 61 62 63
0
0 1 2 3 4 5 6 7 8 9 10 11 12 13 14 15 16 17 18 19 20 21 22 23 24 25 26 27 28 29 30 31 32 33 34 35 36 37 38 39 40 41 42 43 44 45 46 47 48 49 50 51 52 53 54 55 56 57 58 59 60 61 62 63
0 0 0
0 0 90
0 0 180
0 0 270
0 90 0
0 90 90
0 90 180
0 90 270
0 180 0
0 180 90
0 180 180
0 180 270
0 270 0
0 270 90
0 270 180
0 270 270
90 0 0
90 0 90
90 0 180
90 0 270
90 90 0
90 90 90
90 90 180
90 90 270
90 180 0
90 180 90
90 180 180
90 180 270
90 270 0
90 270 90
90 270 180
90 270 270
180 0 0
180 0 90
180 0 180
180 0 270
180 90 0
180 90 90
180 90 180
180 90 270
180 180 0
180 180 90
180 180 180
180 180 270
180 270 0
180 270 90
180 270 180
180 270 270
270 0 0
270 0 90
270 0 180
270 0 270
270 90 0
270 90 90
270 90 180
270 90 270
270 180 0
270 180 90
270 180 180
270 180 270
270 270 0
270 270 90
270 270 180
270 270 270
0
1
2
4
3
5
0 1 2 3 4 5 6 7
8 9 10 11 12 13 14 15 16 17 18 19 20 21 22 23 24 25 26 27 28 29 30 31 32 33 34 35 36 37 38 39
40 41 42 43 44 45 46 47 48
49 50 51 52 53 54 55 56 57 58 59 60 61 62 63 64 65 66 67 68 69 70 71 72 73 74 75 76 77 78 79 80
81 82 83 84 85 86 87 88 89
90 91 92 93 94 95 96 97
0 0 0
50 0 0
0 89 0
50 89 0
0 0 25
50 0 25
0 89 25
50 89 25
0 0 0
0 0 200
-0,7761179 3,901807 0
-0,7761179 3,901807 200
-2,986314 7,209599 0
-2,986314 7,209599 200
-6,294106 9,419794 0
-6,294106 9,419794 200
-10,19591 10,19591 0
-10,19591 10,19591 200
-14,09772 9,419794 0
-14,09772 9,419794 200
-17,40551 7,209599 0
-17,40551 7,209599 200
-19,61571 3,901805 0
-19,61571 3,901805 200
-20,39182 -8,913549E-07 0
-20,39182 -8,913549E-07 200
-19,61571 -3,901807 0
-19,61571 -3,901807 200
-17,40551 -7,2096 0
-17,40551 -7,2096 200
-14,09772 -9,419796 0
-14,09772 -9,419796 200
-10,19591 -10,19591 0
-10,19591 -10,19591 200
-6,294104 -9,419794 0
-6,294104 -9,419794 200
-2,986311 -7,209596 0
-2,986311 -7,209596 200
-0,7761173 -3,901807 0
-0,7761173 -3,901807 200
0 0 0
50 0 0
0 90 0
50 89 0
0 0 89
50 0 89
0 89 89
50 89 89
80 26 20
0 0 0
0 0 26
-0,7761179 3,901807 0
-0,7761179 3,901807 26
-2,986314 7,209599 0
-2,986314 7,209599 26
-6,294106 9,419794 0
-6,294106 9,419794 26
-10,19591 10,19591 0
-10,19591 10,19591 26
-14,09772 9,419794 0
-14,09772 9,419794 26
-17,40551 7,209599 0
-17,40551 7,209599 26
-19,61571 3,901805 0
-19,61571 3,901805 26
-20,39182 -8,913549E-07 0
-20,39182 -8,913549E-07 26
-19,61571 -3,901807 0
-19,61571 -3,901807 26
-17,40551 -7,2096 0
-17,40551 -7,2096 26
-14,09772 -9,419796 0
-14,09772 -9,419796 26
-10,19591 -10,19591 0
-10,19591 -10,19591 26
-6,294104 -9,419794 0
-6,294104 -9,419794 26
-2,986311 -7,209596 0
-2,986311 -7,209596 26
-0,7761173 -3,901807 0
-0,7761173 -3,901807 26
0 0 0
50 0 0
0 100 0
50 89 0
0 0 89
50 0 89
0 100 89
50 100 100
12 89 25
0 0 0
12 0 0
0 89 0
12 89 0
0 0 25
12 0 25
0 89 25
12 89 25
