11	11	220	243	227
1375000	1125000
0	0	0	50	50	50	6	1	1	0	0	0
0	0	50	50	50	100	7	2	2	0	0	0
0	193	0	50	243	50	5	3	3	0	0	0
0	50	0	50	100	50	10	4	4	0	0	0
0	0	100	50	50	150	9	5	5	0	0	0
0	0	150	50	50	200	3	6	6	0	0	0
0	193	50	50	243	100	4	7	7	0	0	0
0	193	100	50	243	150	8	8	8	0	0	0
0	143	0	50	193	50	11	9	9	0	0	0
0	50	50	50	100	100	2	10	10	0	0	0
0	193	150	50	243	200	1	11	11	0	0	0
11	1

220	243	227

1	50	1	50	1	50	1	1	10000	4000000	4000000	4000000	0	0	Item1

2	50	1	50	1	50	1	1	10000	4000000	4000000	4000000	0	0	Item2

3	50	1	50	1	50	1	1	10000	4000000	4000000	4000000	0	0	Item3

4	50	1	50	1	50	1	1	10000	4000000	4000000	4000000	0	0	Item4

5	50	1	50	1	50	1	1	10000	4000000	4000000	4000000	0	0	Item5

6	50	1	50	1	50	1	1	10000	4000000	4000000	4000000	0	0	Item6

7	50	1	50	1	50	1	1	10000	4000000	4000000	4000000	0	0	Item7

8	50	1	50	1	50	1	1	10000	4000000	4000000	4000000	0	0	Item8

9	50	1	50	1	50	1	1	10000	4000000	4000000	4000000	0	0	Item9

10	50	1	50	1	50	1	1	10000	4000000	4000000	4000000	0	0	Item10

11	50	1	50	1	50	1	1	10000	4000000	4000000	4000000	0	0	Item11

