19	2	200	200	150
5581450	4645921
0	0	0	30	41	39	0	1	1	0	0	0
0	0	39	30	41	78	0	1	1	0	0	0
0	0	78	30	41	117	0	1	1	0	0	0
0	41	0	30	82	39	0	1	1	0	0	0
0	41	39	30	82	78	0	1	1	0	0	0
0	41	78	30	82	117	0	1	1	0	0	0
0	82	0	30	123	39	0	1	1	0	0	0
0	82	39	30	123	78	0	1	1	0	0	0
0	82	78	30	123	117	0	1	1	0	0	0
0	123	0	30	164	39	0	1	1	0	0	0
0	123	39	30	164	78	0	1	1	0	0	0
0	123	78	30	164	117	0	1	1	0	0	0
0	0	117	25	20	125	14	2	1	0	0	0
0	0	125	25	20	133	14	2	1	0	0	0
0	0	133	25	20	141	14	2	1	0	0	0
0	0	141	25	20	149	14	2	1	0	0	0
0	20	117	25	40	125	14	2	1	0	0	0
0	20	125	25	40	133	14	2	1	0	0	0
0	20	133	25	40	141	14	2	1	0	0	0
0	20	141	25	40	149	14	2	1	0	0	0
0	40	117	25	60	125	14	2	1	0	0	0
0	40	125	25	60	133	14	2	1	0	0	0
0	40	133	25	60	141	14	2	1	0	0	0
0	40	141	25	60	149	14	2	1	0	0	0
0	60	117	25	80	125	14	2	1	0	0	0
0	60	125	25	80	133	14	2	1	0	0	0
0	60	133	25	80	141	14	2	1	0	0	0
0	60	141	25	80	149	14	2	1	0	0	0
0	80	117	25	100	125	14	2	1	0	0	0
0	80	125	25	100	133	14	2	1	0	0	0
0	80	133	25	100	141	14	2	1	0	0	0
0	80	141	25	100	149	14	2	1	0	0	0
0	100	117	25	120	125	14	2	1	0	0	0
0	100	125	25	120	133	14	2	1	0	0	0
0	100	133	25	120	141	14	2	1	0	0	0
0	100	141	25	120	149	14	2	1	0	0	0
0	120	117	25	140	125	14	2	1	0	0	0
0	120	125	25	140	133	14	2	1	0	0	0
0	120	133	25	140	141	14	2	1	0	0	0
0	120	141	25	140	149	14	2	1	0	0	0
0	140	117	25	160	125	14	2	1	0	0	0
0	140	125	25	160	133	14	2	1	0	0	0
0	140	133	25	160	141	14	2	1	0	0	0
0	140	141	25	160	149	14	2	1	0	0	0
0	182	0	18	200	22	16	3	1	0	0	0
0	182	22	18	200	44	16	3	1	0	0	0
0	182	44	18	200	66	16	3	1	0	0	0
0	182	66	18	200	88	16	3	1	0	0	0
0	182	88	18	200	110	16	3	1	0	0	0
0	182	110	18	200	132	16	3	1	0	0	0
18	182	0	36	200	22	16	3	1	0	0	0
18	182	22	36	200	44	16	3	1	0	0	0
18	182	44	36	200	66	16	3	1	0	0	0
18	182	66	36	200	88	16	3	1	0	0	0
18	182	88	36	200	110	16	3	1	0	0	0
18	182	110	36	200	132	16	3	1	0	0	0
36	182	0	54	200	22	16	3	1	0	0	0
36	182	22	54	200	44	16	3	1	0	0	0
36	182	44	54	200	66	16	3	1	0	0	0
36	182	66	54	200	88	16	3	1	0	0	0
36	182	88	54	200	110	16	3	1	0	0	0
36	182	110	54	200	132	16	3	1	0	0	0
54	182	0	72	200	22	16	3	1	0	0	0
54	182	22	72	200	44	16	3	1	0	0	0
54	182	44	72	200	66	16	3	1	0	0	0
54	182	66	72	200	88	16	3	1	0	0	0
54	182	88	72	200	110	16	3	1	0	0	0
54	182	110	72	200	132	16	3	1	0	0	0
72	182	0	90	200	22	16	3	1	0	0	0
72	182	22	90	200	44	16	3	1	0	0	0
72	182	44	90	200	66	16	3	1	0	0	0
72	182	66	90	200	88	16	3	1	0	0	0
72	182	88	90	200	110	16	3	1	0	0	0
72	182	110	90	200	132	16	3	1	0	0	0
90	182	0	108	200	22	16	3	1	0	0	0
90	182	22	108	200	44	16	3	1	0	0	0
90	182	44	108	200	66	16	3	1	0	0	0
90	182	66	108	200	88	16	3	1	0	0	0
90	182	88	108	200	110	16	3	1	0	0	0
90	182	110	108	200	132	16	3	1	0	0	0
108	182	0	126	200	22	16	3	1	0	0	0
108	182	22	126	200	44	16	3	1	0	0	0
108	182	44	126	200	66	16	3	1	0	0	0
108	182	66	126	200	88	16	3	1	0	0	0
108	182	88	126	200	110	16	3	1	0	0	0
108	182	110	126	200	132	16	3	1	0	0	0
126	182	0	144	200	22	16	3	1	0	0	0
126	182	22	144	200	44	16	3	1	0	0	0
126	182	44	144	200	66	16	3	1	0	0	0
126	182	66	144	200	88	16	3	1	0	0	0
126	182	88	144	200	110	16	3	1	0	0	0
126	182	110	144	200	132	16	3	1	0	0	0
144	182	0	162	200	22	16	3	1	0	0	0
144	182	22	162	200	44	16	3	1	0	0	0
144	182	44	162	200	66	16	3	1	0	0	0
144	182	66	162	200	88	16	3	1	0	0	0
144	182	88	162	200	110	16	3	1	0	0	0
144	182	110	162	200	132	16	3	1	0	0	0
162	182	0	180	200	22	16	3	1	0	0	0
162	182	22	180	200	44	16	3	1	0	0	0
162	182	44	180	200	66	16	3	1	0	0	0
162	182	66	180	200	88	16	3	1	0	0	0
162	182	88	180	200	110	16	3	1	0	0	0
162	182	110	180	200	132	16	3	1	0	0	0
180	182	0	198	200	22	16	3	1	0	0	0
180	182	22	198	200	44	16	3	1	0	0	0
180	182	44	198	200	66	16	3	1	0	0	0
180	182	66	198	200	88	16	3	1	0	0	0
180	182	88	198	200	110	16	3	1	0	0	0
180	182	110	198	200	132	16	3	1	0	0	0
0	185	132	20	200	137	9	4	1	0	0	0
0	185	137	20	200	142	9	4	1	0	0	0
0	185	142	20	200	147	9	4	1	0	0	0
20	185	132	40	200	137	9	4	1	0	0	0
20	185	137	40	200	142	9	4	1	0	0	0
20	185	142	40	200	147	9	4	1	0	0	0
40	185	132	60	200	137	9	4	1	0	0	0
40	185	137	60	200	142	9	4	1	0	0	0
40	185	142	60	200	147	9	4	1	0	0	0
60	185	132	80	200	137	9	4	1	0	0	0
60	185	137	80	200	142	9	4	1	0	0	0
60	185	142	80	200	147	9	4	1	0	0	0
80	185	132	100	200	137	9	4	1	0	0	0
80	185	137	100	200	142	9	4	1	0	0	0
80	185	142	100	200	147	9	4	1	0	0	0
100	185	132	120	200	137	9	4	1	0	0	0
100	185	137	120	200	142	9	4	1	0	0	0
100	185	142	120	200	147	9	4	1	0	0	0
120	185	132	140	200	137	9	4	1	0	0	0
120	185	137	140	200	142	9	4	1	0	0	0
120	185	142	140	200	147	9	4	1	0	0	0
140	185	132	160	200	137	9	4	1	0	0	0
140	185	137	160	200	142	9	4	1	0	0	0
140	185	142	160	200	147	9	4	1	0	0	0
160	185	132	180	200	137	9	4	1	0	0	0
160	185	137	180	200	142	9	4	1	0	0	0
160	185	142	180	200	147	9	4	1	0	0	0
0	161	117	8	164	120	2	5	1	0	0	0
8	161	117	16	164	120	2	5	1	0	0	0
16	161	117	24	164	120	2	5	1	0	0	0
0	182	132	8	185	135	2	6	1	0	0	0
0	182	135	8	185	138	2	6	1	0	0	0
8	182	132	16	185	135	2	6	1	0	0	0
8	182	135	16	185	138	2	6	1	0	0	0
16	182	132	24	185	135	2	6	1	0	0	0
16	182	135	24	185	138	2	6	1	0	0	0
24	182	132	32	185	135	2	6	1	0	0	0
24	182	135	32	185	138	2	6	1	0	0	0
32	182	132	40	185	135	2	6	1	0	0	0
32	182	135	40	185	138	2	6	1	0	0	0
40	182	132	48	185	135	2	6	1	0	0	0
40	182	135	48	185	138	2	6	1	0	0	0
48	182	132	56	185	135	2	6	1	0	0	0
48	182	135	56	185	138	2	6	1	0	0	0
56	182	132	64	185	135	2	6	1	0	0	0
56	182	135	64	185	138	2	6	1	0	0	0
64	182	132	72	185	135	2	6	1	0	0	0
64	182	135	72	185	138	2	6	1	0	0	0
72	182	132	80	185	135	2	6	1	0	0	0
72	182	135	80	185	138	2	6	1	0	0	0
80	182	132	88	185	135	2	6	1	0	0	0
80	182	135	88	185	138	2	6	1	0	0	0
88	182	132	96	185	135	2	6	1	0	0	0
88	182	135	96	185	138	2	6	1	0	0	0
96	182	132	104	185	135	2	6	1	0	0	0
96	182	135	104	185	138	2	6	1	0	0	0
104	182	132	112	185	135	2	6	1	0	0	0
104	182	135	112	185	138	2	6	1	0	0	0
112	182	132	120	185	135	2	6	1	0	0	0
112	182	135	120	185	138	2	6	1	0	0	0
120	182	132	128	185	135	2	6	1	0	0	0
120	182	135	128	185	138	2	6	1	0	0	0
128	182	132	136	185	135	2	6	1	0	0	0
128	182	135	136	185	138	2	6	1	0	0	0
136	182	132	144	185	135	2	6	1	0	0	0
136	182	135	144	185	138	2	6	1	0	0	0
144	182	132	152	185	135	2	6	1	0	0	0
144	182	135	152	185	138	2	6	1	0	0	0
152	182	132	160	185	135	2	6	1	0	0	0
152	182	135	160	185	138	2	6	1	0	0	0
160	182	132	168	185	135	2	6	1	0	0	0
160	182	135	168	185	138	2	6	1	0	0	0
168	182	132	176	185	135	2	6	1	0	0	0
168	182	135	176	185	138	2	6	1	0	0	0
176	182	132	184	185	135	2	6	1	0	0	0
176	182	135	184	185	138	2	6	1	0	0	0
184	182	132	192	185	135	2	6	1	0	0	0
184	182	135	192	185	138	2	6	1	0	0	0
0	186	147	20	193	149	10	7	1	0	0	0
0	193	147	20	200	149	10	7	1	0	0	0
20	186	147	40	193	149	10	8	1	0	0	0
20	193	147	40	200	149	10	8	1	0	0	0
40	186	147	60	193	149	10	8	1	0	0	0
40	193	147	60	200	149	10	8	1	0	0	0
60	186	147	80	193	149	10	8	1	0	0	0
60	193	147	80	200	149	10	8	1	0	0	0
80	186	147	100	193	149	10	8	1	0	0	0
80	193	147	100	200	149	10	8	1	0	0	0
100	186	147	120	193	149	10	8	1	0	0	0
100	193	147	120	200	149	10	8	1	0	0	0
120	186	147	140	193	149	10	8	1	0	0	0
120	193	147	140	200	149	10	8	1	0	0	0
140	186	147	160	193	149	10	8	1	0	0	0
140	193	147	160	200	149	10	8	1	0	0	0
160	186	147	180	193	149	10	8	1	0	0	0
160	193	147	180	200	149	10	8	1	0	0	0
0	165	0	17	182	19	1	9	1	0	0	0
0	165	19	17	182	38	1	9	1	0	0	0
0	165	38	17	182	57	1	9	1	0	0	0
0	165	57	17	182	76	1	9	1	0	0	0
0	165	76	17	182	95	1	9	1	0	0	0
0	165	95	17	182	114	1	9	1	0	0	0
0	165	114	17	182	133	1	9	1	0	0	0
17	165	0	34	182	19	1	9	1	0	0	0
17	165	19	34	182	38	1	9	1	0	0	0
17	165	38	34	182	57	1	9	1	0	0	0
17	165	57	34	182	76	1	9	1	0	0	0
17	165	76	34	182	95	1	9	1	0	0	0
17	165	95	34	182	114	1	9	1	0	0	0
17	165	114	34	182	133	1	9	1	0	0	0
34	165	0	51	182	19	1	9	1	0	0	0
34	165	19	51	182	38	1	9	1	0	0	0
34	165	38	51	182	57	1	9	1	0	0	0
34	165	57	51	182	76	1	9	1	0	0	0
34	165	76	51	182	95	1	9	1	0	0	0
34	165	95	51	182	114	1	9	1	0	0	0
34	165	114	51	182	133	1	9	1	0	0	0
51	165	0	68	182	19	1	9	1	0	0	0
51	165	19	68	182	38	1	9	1	0	0	0
51	165	38	68	182	57	1	9	1	0	0	0
51	165	57	68	182	76	1	9	1	0	0	0
51	165	76	68	182	95	1	9	1	0	0	0
51	165	95	68	182	114	1	9	1	0	0	0
51	165	114	68	182	133	1	9	1	0	0	0
68	165	0	85	182	19	1	9	1	0	0	0
68	165	19	85	182	38	1	9	1	0	0	0
68	165	38	85	182	57	1	9	1	0	0	0
68	165	57	85	182	76	1	9	1	0	0	0
68	165	76	85	182	95	1	9	1	0	0	0
68	165	95	85	182	114	1	9	1	0	0	0
68	165	114	85	182	133	1	9	1	0	0	0
0	170	133	32	182	150	3	10	1	0	0	0
0	167	133	8	170	136	2	11	1	0	0	0
0	161	120	8	164	123	2	12	1	0	0	0
8	167	133	16	170	136	2	13	1	0	0	0
16	167	133	24	170	136	2	14	1	0	0	0
24	167	133	32	170	136	2	15	1	0	0	0
32	167	133	40	170	136	2	15	1	0	0	0
40	167	133	48	170	136	2	15	1	0	0	0
48	167	133	56	170	136	2	15	1	0	0	0
56	167	133	64	170	136	2	15	1	0	0	0
64	167	133	72	170	136	2	15	1	0	0	0
72	167	133	80	170	136	2	15	1	0	0	0
30	0	0	60	41	39	0	16	1	0	0	0
30	0	39	60	41	78	0	16	1	0	0	0
30	0	78	60	41	117	0	16	1	0	0	0
30	41	0	60	82	39	0	16	1	0	0	0
30	41	39	60	82	78	0	16	1	0	0	0
30	41	78	60	82	117	0	16	1	0	0	0
30	82	0	60	123	39	0	16	1	0	0	0
30	82	39	60	123	78	0	16	1	0	0	0
30	82	78	60	123	117	0	16	1	0	0	0
30	123	0	60	164	39	0	16	1	0	0	0
30	123	39	60	164	78	0	16	1	0	0	0
30	123	78	60	164	117	0	16	1	0	0	0
25	0	117	28	8	120	2	17	1	0	0	0
25	8	117	28	16	120	2	17	1	0	0	0
25	16	117	28	24	120	2	17	1	0	0	0
25	24	117	28	32	120	2	17	1	0	0	0
30	0	117	60	31	127	7	18	1	0	0	0
30	0	127	60	31	137	7	18	1	0	0	0
30	0	137	60	31	147	7	18	1	0	0	0
30	31	117	60	62	127	7	18	1	0	0	0
30	31	127	60	62	137	7	18	1	0	0	0
30	31	137	60	62	147	7	18	1	0	0	0
30	62	117	60	93	127	7	18	1	0	0	0
30	62	127	60	93	137	7	18	1	0	0	0
30	62	137	60	93	147	7	18	1	0	0	0
30	93	117	60	124	127	7	18	1	0	0	0
30	93	127	60	124	137	7	18	1	0	0	0
30	93	137	60	124	147	7	18	1	0	0	0
30	124	117	60	155	127	7	18	1	0	0	0
30	124	127	60	155	137	7	18	1	0	0	0
30	124	137	60	155	147	7	18	1	0	0	0
30	0	147	37	20	149	10	19	1	0	0	0
30	20	147	37	40	149	10	19	1	0	0	0
30	40	147	37	60	149	10	19	1	0	0	0
30	60	147	37	80	149	10	19	1	0	0	0
30	80	147	37	100	149	10	19	1	0	0	0
30	100	147	37	120	149	10	19	1	0	0	0
30	120	147	37	140	149	10	19	1	0	0	0
37	0	147	44	20	149	10	19	1	0	0	0
37	20	147	44	40	149	10	19	1	0	0	0
37	40	147	44	60	149	10	19	1	0	0	0
37	60	147	44	80	149	10	19	1	0	0	0
37	80	147	44	100	149	10	19	1	0	0	0
37	100	147	44	120	149	10	19	1	0	0	0
37	120	147	44	140	149	10	19	1	0	0	0
44	0	147	51	20	149	10	19	1	0	0	0
44	20	147	51	40	149	10	19	1	0	0	0
44	40	147	51	60	149	10	19	1	0	0	0
44	60	147	51	80	149	10	19	1	0	0	0
44	80	147	51	100	149	10	19	1	0	0	0
44	100	147	51	120	149	10	19	1	0	0	0
44	120	147	51	140	149	10	19	1	0	0	0
51	0	147	58	20	149	10	19	1	0	0	0
51	20	147	58	40	149	10	19	1	0	0	0
51	40	147	58	60	149	10	19	1	0	0	0
51	60	147	58	80	149	10	19	1	0	0	0
51	80	147	58	100	149	10	19	1	0	0	0
51	100	147	58	120	149	10	19	1	0	0	0
51	120	147	58	140	149	10	19	1	0	0	0
30	157	117	50	164	119	10	20	1	0	0	0
30	157	119	50	164	121	10	20	1	0	0	0
32	171	133	43	182	147	18	21	1	0	0	0
43	171	133	54	182	147	18	21	1	0	0	0
54	171	133	65	182	147	18	21	1	0	0	0
65	171	133	76	182	147	18	21	1	0	0	0
30	141	147	50	148	149	10	22	1	0	0	0
30	148	147	50	155	149	10	22	1	0	0	0
32	175	147	52	182	149	10	23	1	0	0	0
52	175	147	72	182	149	10	23	1	0	0	0
60	0	0	99	59	36	5	24	1	0	0	0
60	0	36	99	59	72	5	24	1	0	0	0
60	0	72	99	59	108	5	24	1	0	0	0
60	0	108	99	59	144	5	24	1	0	0	0
99	0	0	138	59	36	5	24	1	0	0	0
99	0	36	138	59	72	5	24	1	0	0	0
99	0	72	138	59	108	5	24	1	0	0	0
99	0	108	138	59	144	5	24	1	0	0	0
138	0	0	177	59	36	5	24	1	0	0	0
138	0	36	177	59	72	5	24	1	0	0	0
138	0	72	177	59	108	5	24	1	0	0	0
138	0	108	177	59	144	5	24	1	0	0	0
60	106	0	99	165	36	5	25	1	0	0	0
60	106	36	99	165	72	5	25	1	0	0	0
60	106	72	99	165	108	5	25	1	0	0	0
60	106	108	99	165	144	5	25	1	0	0	0
99	106	0	138	165	36	5	25	1	0	0	0
99	106	36	138	165	72	5	25	1	0	0	0
99	106	72	138	165	108	5	25	1	0	0	0
99	106	108	138	165	144	5	25	1	0	0	0
138	106	0	177	165	36	5	25	1	0	0	0
138	106	36	177	165	72	5	25	1	0	0	0
138	106	72	177	165	108	5	25	1	0	0	0
138	106	108	177	165	144	5	25	1	0	0	0
60	0	144	75	20	149	9	26	1	0	0	0
60	20	144	75	40	149	9	26	1	0	0	0
75	0	144	90	20	149	9	26	1	0	0	0
75	20	144	90	40	149	9	26	1	0	0	0
90	0	144	105	20	149	9	26	1	0	0	0
90	20	144	105	40	149	9	26	1	0	0	0
105	0	144	120	20	149	9	26	1	0	0	0
105	20	144	120	40	149	9	26	1	0	0	0
120	0	144	135	20	149	9	26	1	0	0	0
120	20	144	135	40	149	9	26	1	0	0	0
135	0	144	150	20	149	9	26	1	0	0	0
135	20	144	150	40	149	9	26	1	0	0	0
150	0	144	165	20	149	9	26	1	0	0	0
150	20	144	165	40	149	9	26	1	0	0	0
60	120	144	80	135	149	9	27	1	0	0	0
60	135	144	80	150	149	9	27	1	0	0	0
60	150	144	80	165	149	9	27	1	0	0	0
80	120	144	100	135	149	9	27	1	0	0	0
80	135	144	100	150	149	9	27	1	0	0	0
80	150	144	100	165	149	9	27	1	0	0	0
100	120	144	120	135	149	9	27	1	0	0	0
100	135	144	120	150	149	9	27	1	0	0	0
100	150	144	120	165	149	9	27	1	0	0	0
120	120	144	140	135	149	9	27	1	0	0	0
120	135	144	140	150	149	9	27	1	0	0	0
120	150	144	140	165	149	9	27	1	0	0	0
140	120	144	160	135	149	9	27	1	0	0	0
140	135	144	160	150	149	9	27	1	0	0	0
140	150	144	160	165	149	9	27	1	0	0	0
60	59	0	79	88	19	11	28	1	0	0	0
60	59	19	79	88	38	11	28	1	0	0	0
60	59	38	79	88	57	11	28	1	0	0	0
60	59	57	79	88	76	11	28	1	0	0	0
60	59	76	79	88	95	11	28	1	0	0	0
60	59	95	79	88	114	11	28	1	0	0	0
60	59	114	79	88	133	11	28	1	0	0	0
79	59	0	98	88	19	11	28	1	0	0	0
79	59	19	98	88	38	11	28	1	0	0	0
79	59	38	98	88	57	11	28	1	0	0	0
79	59	57	98	88	76	11	28	1	0	0	0
79	59	76	98	88	95	11	28	1	0	0	0
79	59	95	98	88	114	11	28	1	0	0	0
79	59	114	98	88	133	11	28	1	0	0	0
98	59	0	117	88	19	11	28	1	0	0	0
98	59	19	117	88	38	11	28	1	0	0	0
98	59	38	117	88	57	11	28	1	0	0	0
98	59	57	117	88	76	11	28	1	0	0	0
98	59	76	117	88	95	11	28	1	0	0	0
98	59	95	117	88	114	11	28	1	0	0	0
98	59	114	117	88	133	11	28	1	0	0	0
117	59	0	136	88	19	11	28	1	0	0	0
117	59	19	136	88	38	11	28	1	0	0	0
117	59	38	136	88	57	11	28	1	0	0	0
117	59	57	136	88	76	11	28	1	0	0	0
117	59	76	136	88	95	11	28	1	0	0	0
117	59	95	136	88	114	11	28	1	0	0	0
117	59	114	136	88	133	11	28	1	0	0	0
136	59	0	155	88	19	11	28	1	0	0	0
136	59	19	155	88	38	11	28	1	0	0	0
136	59	38	155	88	57	11	28	1	0	0	0
136	59	57	155	88	76	11	28	1	0	0	0
136	59	76	155	88	95	11	28	1	0	0	0
136	59	95	155	88	114	11	28	1	0	0	0
136	59	114	155	88	133	11	28	1	0	0	0
155	59	0	174	88	19	11	28	1	0	0	0
155	59	19	174	88	38	11	28	1	0	0	0
155	59	38	174	88	57	11	28	1	0	0	0
155	59	57	174	88	76	11	28	1	0	0	0
155	59	76	174	88	95	11	28	1	0	0	0
155	59	95	174	88	114	11	28	1	0	0	0
155	59	114	174	88	133	11	28	1	0	0	0
174	59	0	193	88	19	11	28	1	0	0	0
174	59	19	193	88	38	11	28	1	0	0	0
174	59	38	193	88	57	11	28	1	0	0	0
174	59	57	193	88	76	11	28	1	0	0	0
174	59	76	193	88	95	11	28	1	0	0	0
174	59	95	193	88	114	11	28	1	0	0	0
174	59	114	193	88	133	11	28	1	0	0	0
60	88	0	118	102	15	4	29	1	0	0	0
60	88	15	118	102	30	4	29	1	0	0	0
60	88	30	118	102	45	4	29	1	0	0	0
60	88	45	118	102	60	4	29	1	0	0	0
60	88	60	118	102	75	4	29	1	0	0	0
60	88	75	118	102	90	4	29	1	0	0	0
60	88	90	118	102	105	4	29	1	0	0	0
60	88	105	118	102	120	4	29	1	0	0	0
60	88	120	118	102	135	4	29	1	0	0	0
60	88	135	118	102	150	4	29	1	0	0	0
118	88	0	176	102	15	4	29	1	0	0	0
118	88	15	176	102	30	4	29	1	0	0	0
118	88	30	176	102	45	4	29	1	0	0	0
118	88	45	176	102	60	4	29	1	0	0	0
118	88	60	176	102	75	4	29	1	0	0	0
118	88	75	176	102	90	4	29	1	0	0	0
118	88	90	176	102	105	4	29	1	0	0	0
118	88	105	176	102	120	4	29	1	0	0	0
118	88	120	176	102	135	4	29	1	0	0	0
118	88	135	176	102	150	4	29	1	0	0	0
60	40	144	80	55	149	9	30	1	0	0	0
60	59	133	80	84	141	14	31	1	0	0	0
60	59	141	80	84	149	14	31	1	0	0	0
80	59	133	100	84	141	14	31	1	0	0	0
80	59	141	100	84	149	14	31	1	0	0	0
100	59	133	120	84	141	14	31	1	0	0	0
100	59	141	120	84	149	14	31	1	0	0	0
120	59	133	140	84	141	14	31	1	0	0	0
120	59	141	140	84	149	14	31	1	0	0	0
140	59	133	160	84	141	14	31	1	0	0	0
140	59	141	160	84	149	14	31	1	0	0	0
160	59	133	180	84	141	14	31	1	0	0	0
160	59	141	180	84	149	14	31	1	0	0	0
80	40	144	100	55	149	9	32	1	0	0	0
85	166	0	101	182	51	6	33	1	0	0	0
85	166	51	101	182	102	6	33	1	0	0	0
101	166	0	117	182	51	6	33	1	0	0	0
101	166	51	117	182	102	6	33	1	0	0	0
117	166	0	133	182	51	6	33	1	0	0	0
117	166	51	133	182	102	6	33	1	0	0	0
133	166	0	149	182	51	6	33	1	0	0	0
133	166	51	149	182	102	6	33	1	0	0	0
149	166	0	165	182	51	6	33	1	0	0	0
149	166	51	165	182	102	6	33	1	0	0	0
165	166	0	181	182	51	6	33	1	0	0	0
165	166	51	181	182	102	6	33	1	0	0	0
181	166	0	197	182	51	6	33	1	0	0	0
181	166	51	197	182	102	6	33	1	0	0	0
85	170	102	117	182	119	3	34	1	0	0	0
85	170	119	117	182	136	3	34	1	0	0	0
117	170	102	149	182	119	3	34	1	0	0	0
117	170	119	149	182	136	3	34	1	0	0	0
149	170	102	181	182	119	3	34	1	0	0	0
149	170	119	181	182	136	3	34	1	0	0	0
100	40	144	120	55	149	9	35	1	0	0	0
120	40	144	140	55	149	9	35	1	0	0	0
140	40	144	160	55	149	9	35	1	0	0	0
160	125	144	175	145	149	9	36	1	0	0	0
160	145	144	175	165	149	9	36	1	0	0	0
177	0	0	196	29	19	11	37	1	0	0	0
177	0	19	196	29	38	11	37	1	0	0	0
177	0	38	196	29	57	11	37	1	0	0	0
177	0	57	196	29	76	11	37	1	0	0	0
177	0	76	196	29	95	11	37	1	0	0	0
177	0	95	196	29	114	11	37	1	0	0	0
177	0	114	196	29	133	11	37	1	0	0	0
177	29	0	196	58	19	11	37	1	0	0	0
177	29	19	196	58	38	11	37	1	0	0	0
177	29	38	196	58	57	11	37	1	0	0	0
177	29	57	196	58	76	11	37	1	0	0	0
177	29	76	196	58	95	11	37	1	0	0	0
177	29	95	196	58	114	11	37	1	0	0	0
177	29	114	196	58	133	11	37	1	0	0	0
177	0	133	189	32	150	3	38	1	0	0	0
177	32	133	192	52	138	9	39	1	0	0	0
176	88	0	194	106	22	16	40	1	0	0	0
176	88	22	194	106	44	16	40	1	0	0	0
176	88	44	194	106	66	16	40	1	0	0	0
176	88	66	194	106	88	16	40	1	0	0	0
176	88	88	194	106	110	16	40	1	0	0	0
176	88	110	194	106	132	16	40	1	0	0	0
177	108	0	196	137	19	11	41	1	0	0	0
177	108	19	196	137	38	11	41	1	0	0	0
177	108	38	196	137	57	11	41	1	0	0	0
177	108	57	196	137	76	11	41	1	0	0	0
177	108	76	196	137	95	11	41	1	0	0	0
177	108	95	196	137	114	11	41	1	0	0	0
177	108	114	196	137	133	11	41	1	0	0	0
177	137	0	196	166	19	11	41	1	0	0	0
177	137	19	196	166	38	11	41	1	0	0	0
177	137	38	196	166	57	11	41	1	0	0	0
177	137	57	196	166	76	11	41	1	0	0	0
177	137	76	196	166	95	11	41	1	0	0	0
177	137	95	196	166	114	11	41	1	0	0	0
177	137	114	196	166	133	11	41	1	0	0	0
177	134	133	189	166	150	3	42	1	0	0	0
177	114	133	192	134	138	9	43	1	0	0	0
176	88	132	187	99	146	18	44	1	0	0	0
181	171	102	192	182	123	12	45	1	0	0	0
180	189	132	191	200	145	8	46	1	0	0	0
193	58	0	200	78	2	10	47	1	0	0	0
193	58	2	200	78	4	10	47	1	0	0	0
1200	0	0	1241	30	39	0	48	1	0	0	0
1200	0	39	1241	30	78	0	48	1	0	0	0
1200	0	78	1241	30	117	0	48	1	0	0	0
1242	0	0	1259	17	19	1	49	1	0	0	0
1242	0	19	1259	17	38	1	49	1	0	0	0
1260	0	0	1272	32	17	3	50	1	0	0	0
1260	0	17	1272	32	34	3	50	1	0	0	0
1260	0	34	1272	32	51	3	50	1	0	0	0
1260	0	51	1272	32	68	3	50	1	0	0	0
1260	0	68	1272	32	85	3	50	1	0	0	0
1260	0	85	1272	32	102	3	50	1	0	0	0
1260	0	102	1272	32	119	3	50	1	0	0	0
1260	0	119	1272	32	136	3	50	1	0	0	0
1260	0	136	1272	32	153	3	50	1	0	0	0
1260	0	153	1272	32	170	3	50	1	0	0	0
1260	0	170	1272	32	187	3	50	1	0	0	0
1260	0	187	1272	32	204	3	50	1	0	0	0
1260	0	204	1272	32	221	3	50	1	0	0	0
1260	0	221	1272	32	238	3	50	1	0	0	0
1260	0	238	1272	32	255	3	50	1	0	0	0
1260	0	255	1272	32	272	3	50	1	0	0	0
1260	0	272	1272	32	289	3	50	1	0	0	0
1260	0	289	1272	32	306	3	50	1	0	0	0
1260	0	306	1272	32	323	3	50	1	0	0	0
1260	0	323	1272	32	340	3	50	1	0	0	0
1260	0	340	1272	32	357	3	50	1	0	0	0
1260	0	357	1272	32	374	3	50	1	0	0	0
1260	0	374	1272	32	391	3	50	1	0	0	0
1260	0	391	1272	32	408	3	50	1	0	0	0
1260	0	408	1272	32	425	3	50	1	0	0	0
1260	0	425	1272	32	442	3	50	1	0	0	0
1260	0	442	1272	32	459	3	50	1	0	0	0
1260	0	459	1272	32	476	3	50	1	0	0	0
1260	0	476	1272	32	493	3	50	1	0	0	0
1260	0	493	1272	32	510	3	50	1	0	0	0
1260	0	510	1272	32	527	3	50	1	0	0	0
1260	0	527	1272	32	544	3	50	1	0	0	0
1260	0	544	1272	32	561	3	50	1	0	0	0
1260	0	561	1272	32	578	3	50	1	0	0	0
1260	0	578	1272	32	595	3	50	1	0	0	0
1260	0	595	1272	32	612	3	50	1	0	0	0
1260	0	612	1272	32	629	3	50	1	0	0	0
1260	0	629	1272	32	646	3	50	1	0	0	0
1260	0	646	1272	32	663	3	50	1	0	0	0
1260	0	663	1272	32	680	3	50	1	0	0	0
1260	0	680	1272	32	697	3	50	1	0	0	0
1260	0	697	1272	32	714	3	50	1	0	0	0
1260	0	714	1272	32	731	3	50	1	0	0	0
1260	0	731	1272	32	748	3	50	1	0	0	0
1260	0	748	1272	32	765	3	50	1	0	0	0
1260	0	765	1272	32	782	3	50	1	0	0	0
1260	0	782	1272	32	799	3	50	1	0	0	0
1260	0	799	1272	32	816	3	50	1	0	0	0
1260	0	816	1272	32	833	3	50	1	0	0	0
1260	0	833	1272	32	850	3	50	1	0	0	0
1260	0	850	1272	32	867	3	50	1	0	0	0
1260	0	867	1272	32	884	3	50	1	0	0	0
1260	0	884	1272	32	901	3	50	1	0	0	0
1260	0	901	1272	32	918	3	50	1	0	0	0
1260	0	918	1272	32	935	3	50	1	0	0	0
1260	0	935	1272	32	952	3	50	1	0	0	0
1260	0	952	1272	32	969	3	50	1	0	0	0
1260	0	969	1272	32	986	3	50	1	0	0	0
1260	0	986	1272	32	1003	3	50	1	0	0	0
1273	0	0	1331	14	15	4	51	1	0	0	0
1273	0	15	1331	14	30	4	51	1	0	0	0
1273	0	30	1331	14	45	4	51	1	0	0	0
1273	0	45	1331	14	60	4	51	1	0	0	0
1273	0	60	1331	14	75	4	51	1	0	0	0
1273	0	75	1331	14	90	4	51	1	0	0	0
1273	0	90	1331	14	105	4	51	1	0	0	0
1273	0	105	1331	14	120	4	51	1	0	0	0
1273	0	120	1331	14	135	4	51	1	0	0	0
1273	0	135	1331	14	150	4	51	1	0	0	0
1273	0	150	1331	14	165	4	51	1	0	0	0
1273	0	165	1331	14	180	4	51	1	0	0	0
1273	0	180	1331	14	195	4	51	1	0	0	0
1273	0	195	1331	14	210	4	51	1	0	0	0
1273	0	210	1331	14	225	4	51	1	0	0	0
1273	0	225	1331	14	240	4	51	1	0	0	0
1273	0	240	1331	14	255	4	51	1	0	0	0
1273	0	255	1331	14	270	4	51	1	0	0	0
1273	0	270	1331	14	285	4	51	1	0	0	0
1273	0	285	1331	14	300	4	51	1	0	0	0
1273	0	300	1331	14	315	4	51	1	0	0	0
1273	0	315	1331	14	330	4	51	1	0	0	0
1273	0	330	1331	14	345	4	51	1	0	0	0
1273	0	345	1331	14	360	4	51	1	0	0	0
1273	0	360	1331	14	375	4	51	1	0	0	0
1273	0	375	1331	14	390	4	51	1	0	0	0
1273	0	390	1331	14	405	4	51	1	0	0	0
1273	0	405	1331	14	420	4	51	1	0	0	0
1273	0	420	1331	14	435	4	51	1	0	0	0
1273	0	435	1331	14	450	4	51	1	0	0	0
1273	0	450	1331	14	465	4	51	1	0	0	0
1273	0	465	1331	14	480	4	51	1	0	0	0
1273	0	480	1331	14	495	4	51	1	0	0	0
1273	0	495	1331	14	510	4	51	1	0	0	0
1273	0	510	1331	14	525	4	51	1	0	0	0
1332	0	0	1371	59	36	5	52	1	0	0	0
1332	0	36	1371	59	72	5	52	1	0	0	0
1332	0	72	1371	59	108	5	52	1	0	0	0
1372	0	0	1388	16	51	6	53	1	0	0	0
1372	0	51	1388	16	102	6	53	1	0	0	0
1372	0	102	1388	16	153	6	53	1	0	0	0
1372	0	153	1388	16	204	6	53	1	0	0	0
1372	0	204	1388	16	255	6	53	1	0	0	0
1372	0	255	1388	16	306	6	53	1	0	0	0
1372	0	306	1388	16	357	6	53	1	0	0	0
1372	0	357	1388	16	408	6	53	1	0	0	0
1389	0	0	1419	31	10	7	54	1	0	0	0
1389	0	10	1419	31	20	7	54	1	0	0	0
1389	0	20	1419	31	30	7	54	1	0	0	0
1389	0	30	1419	31	40	7	54	1	0	0	0
1389	0	40	1419	31	50	7	54	1	0	0	0
1389	0	50	1419	31	60	7	54	1	0	0	0
1389	0	60	1419	31	70	7	54	1	0	0	0
1389	0	70	1419	31	80	7	54	1	0	0	0
1389	0	80	1419	31	90	7	54	1	0	0	0
1389	0	90	1419	31	100	7	54	1	0	0	0
1389	0	100	1419	31	110	7	54	1	0	0	0
1389	0	110	1419	31	120	7	54	1	0	0	0
1389	0	120	1419	31	130	7	54	1	0	0	0
1389	0	130	1419	31	140	7	54	1	0	0	0
1389	0	140	1419	31	150	7	54	1	0	0	0
1389	0	150	1419	31	160	7	54	1	0	0	0
1389	0	160	1419	31	170	7	54	1	0	0	0
1389	0	170	1419	31	180	7	54	1	0	0	0
1389	0	180	1419	31	190	7	54	1	0	0	0
1389	0	190	1419	31	200	7	54	1	0	0	0
1389	0	200	1419	31	210	7	54	1	0	0	0
1389	0	210	1419	31	220	7	54	1	0	0	0
1389	0	220	1419	31	230	7	54	1	0	0	0
1389	0	230	1419	31	240	7	54	1	0	0	0
1389	0	240	1419	31	250	7	54	1	0	0	0
1389	0	250	1419	31	260	7	54	1	0	0	0
1389	0	260	1419	31	270	7	54	1	0	0	0
1389	0	270	1419	31	280	7	54	1	0	0	0
1389	0	280	1419	31	290	7	54	1	0	0	0
1389	0	290	1419	31	300	7	54	1	0	0	0
1389	0	300	1419	31	310	7	54	1	0	0	0
1389	0	310	1419	31	320	7	54	1	0	0	0
1389	0	320	1419	31	330	7	54	1	0	0	0
1389	0	330	1419	31	340	7	54	1	0	0	0
1389	0	340	1419	31	350	7	54	1	0	0	0
1389	0	350	1419	31	360	7	54	1	0	0	0
1389	0	360	1419	31	370	7	54	1	0	0	0
1389	0	370	1419	31	380	7	54	1	0	0	0
1389	0	380	1419	31	390	7	54	1	0	0	0
1389	0	390	1419	31	400	7	54	1	0	0	0
1389	0	400	1419	31	410	7	54	1	0	0	0
1389	0	410	1419	31	420	7	54	1	0	0	0
1389	0	420	1419	31	430	7	54	1	0	0	0
1389	0	430	1419	31	440	7	54	1	0	0	0
1389	0	440	1419	31	450	7	54	1	0	0	0
1389	0	450	1419	31	460	7	54	1	0	0	0
1420	0	0	1431	11	13	8	55	1	0	0	0
1432	0	0	1447	20	5	9	56	1	0	0	0
1448	0	0	1455	20	2	10	57	1	0	0	0
1448	0	2	1455	20	4	10	57	1	0	0	0
1448	0	4	1455	20	6	10	57	1	0	0	0
1448	0	6	1455	20	8	10	57	1	0	0	0
1448	0	8	1455	20	10	10	57	1	0	0	0
1448	0	10	1455	20	12	10	57	1	0	0	0
1448	0	12	1455	20	14	10	57	1	0	0	0
1448	0	14	1455	20	16	10	57	1	0	0	0
1448	0	16	1455	20	18	10	57	1	0	0	0
1448	0	18	1455	20	20	10	57	1	0	0	0
1448	0	20	1455	20	22	10	57	1	0	0	0
1448	0	22	1455	20	24	10	57	1	0	0	0
1448	0	24	1455	20	26	10	57	1	0	0	0
1448	0	26	1455	20	28	10	57	1	0	0	0
1448	0	28	1455	20	30	10	57	1	0	0	0
1448	0	30	1455	20	32	10	57	1	0	0	0
1448	0	32	1455	20	34	10	57	1	0	0	0
1448	0	34	1455	20	36	10	57	1	0	0	0
1448	0	36	1455	20	38	10	57	1	0	0	0
1448	0	38	1455	20	40	10	57	1	0	0	0
1448	0	40	1455	20	42	10	57	1	0	0	0
1448	0	42	1455	20	44	10	57	1	0	0	0
1448	0	44	1455	20	46	10	57	1	0	0	0
1448	0	46	1455	20	48	10	57	1	0	0	0
1448	0	48	1455	20	50	10	57	1	0	0	0
1448	0	50	1455	20	52	10	57	1	0	0	0
1448	0	52	1455	20	54	10	57	1	0	0	0
1456	0	0	1485	19	19	11	58	1	0	0	0
1456	0	19	1485	19	38	11	58	1	0	0	0
1456	0	38	1485	19	57	11	58	1	0	0	0
1456	0	57	1485	19	76	11	58	1	0	0	0
1456	0	76	1485	19	95	11	58	1	0	0	0
1456	0	95	1485	19	114	11	58	1	0	0	0
1486	0	0	1497	11	21	12	59	1	0	0	0
1486	0	21	1497	11	42	12	59	1	0	0	0
1486	0	42	1497	11	63	12	59	1	0	0	0
1486	0	63	1497	11	84	12	59	1	0	0	0
1486	0	84	1497	11	105	12	59	1	0	0	0
1486	0	105	1497	11	126	12	59	1	0	0	0
1486	0	126	1497	11	147	12	59	1	0	0	0
1486	0	147	1497	11	168	12	59	1	0	0	0
1486	0	168	1497	11	189	12	59	1	0	0	0
1486	0	189	1497	11	210	12	59	1	0	0	0
1486	0	210	1497	11	231	12	59	1	0	0	0
1486	0	231	1497	11	252	12	59	1	0	0	0
1486	0	252	1497	11	273	12	59	1	0	0	0
1486	0	273	1497	11	294	12	59	1	0	0	0
1498	0	0	1541	38	35	13	60	1	0	0	0
1498	0	35	1541	38	70	13	60	1	0	0	0
1498	0	70	1541	38	105	13	60	1	0	0	0
1498	0	105	1541	38	140	13	60	1	0	0	0
1498	0	140	1541	38	175	13	60	1	0	0	0
1498	0	175	1541	38	210	13	60	1	0	0	0
1498	0	210	1541	38	245	13	60	1	0	0	0
1542	0	0	1562	25	8	14	61	1	0	0	0
1542	0	8	1562	25	16	14	61	1	0	0	0
1542	0	16	1562	25	24	14	61	1	0	0	0
1542	0	24	1562	25	32	14	61	1	0	0	0
1542	0	32	1562	25	40	14	61	1	0	0	0
1542	0	40	1562	25	48	14	61	1	0	0	0
1542	0	48	1562	25	56	14	61	1	0	0	0
1542	0	56	1562	25	64	14	61	1	0	0	0
1542	0	64	1562	25	72	14	61	1	0	0	0
1542	0	72	1562	25	80	14	61	1	0	0	0
1542	0	80	1562	25	88	14	61	1	0	0	0
1542	0	88	1562	25	96	14	61	1	0	0	0
1542	0	96	1562	25	104	14	61	1	0	0	0
1542	0	104	1562	25	112	14	61	1	0	0	0
1542	0	112	1562	25	120	14	61	1	0	0	0
1542	0	120	1562	25	128	14	61	1	0	0	0
1542	0	128	1562	25	136	14	61	1	0	0	0
1542	0	136	1562	25	144	14	61	1	0	0	0
1542	0	144	1562	25	152	14	61	1	0	0	0
1542	0	152	1562	25	160	14	61	1	0	0	0
1542	0	160	1562	25	168	14	61	1	0	0	0
1542	0	168	1562	25	176	14	61	1	0	0	0
1542	0	176	1562	25	184	14	61	1	0	0	0
1542	0	184	1562	25	192	14	61	1	0	0	0
1542	0	192	1562	25	200	14	61	1	0	0	0
1542	0	200	1562	25	208	14	61	1	0	0	0
1542	0	208	1562	25	216	14	61	1	0	0	0
1542	0	216	1562	25	224	14	61	1	0	0	0
1542	0	224	1562	25	232	14	61	1	0	0	0
1542	0	232	1562	25	240	14	61	1	0	0	0
1542	0	240	1562	25	248	14	61	1	0	0	0
1542	0	248	1562	25	256	14	61	1	0	0	0
1542	0	256	1562	25	264	14	61	1	0	0	0
1542	0	264	1562	25	272	14	61	1	0	0	0
1542	0	272	1562	25	280	14	61	1	0	0	0
1542	0	280	1562	25	288	14	61	1	0	0	0
1542	0	288	1562	25	296	14	61	1	0	0	0
1542	0	296	1562	25	304	14	61	1	0	0	0
1542	0	304	1562	25	312	14	61	1	0	0	0
1542	0	312	1562	25	320	14	61	1	0	0	0
1542	0	320	1562	25	328	14	61	1	0	0	0
1542	0	328	1562	25	336	14	61	1	0	0	0
1542	0	336	1562	25	344	14	61	1	0	0	0
1542	0	344	1562	25	352	14	61	1	0	0	0
1542	0	352	1562	25	360	14	61	1	0	0	0
1542	0	360	1562	25	368	14	61	1	0	0	0
1563	0	0	1580	17	19	15	62	1	0	0	0
1563	0	19	1580	17	38	15	62	1	0	0	0
1563	0	38	1580	17	57	15	62	1	0	0	0
1563	0	57	1580	17	76	15	62	1	0	0	0
1563	0	76	1580	17	95	15	62	1	0	0	0
1563	0	95	1580	17	114	15	62	1	0	0	0
1563	0	114	1580	17	133	15	62	1	0	0	0
1563	0	133	1580	17	152	15	62	1	0	0	0
1563	0	152	1580	17	171	15	62	1	0	0	0
1563	0	171	1580	17	190	15	62	1	0	0	0
1563	0	190	1580	17	209	15	62	1	0	0	0
1563	0	209	1580	17	228	15	62	1	0	0	0
1563	0	228	1580	17	247	15	62	1	0	0	0
1563	0	247	1580	17	266	15	62	1	0	0	0
1563	0	266	1580	17	285	15	62	1	0	0	0
1563	0	285	1580	17	304	15	62	1	0	0	0
1563	0	304	1580	17	323	15	62	1	0	0	0
1563	0	323	1580	17	342	15	62	1	0	0	0
1563	0	342	1580	17	361	15	62	1	0	0	0
1563	0	361	1580	17	380	15	62	1	0	0	0
1563	0	380	1580	17	399	15	62	1	0	0	0
1563	0	399	1580	17	418	15	62	1	0	0	0
1563	0	418	1580	17	437	15	62	1	0	0	0
1563	0	437	1580	17	456	15	62	1	0	0	0
1563	0	456	1580	17	475	15	62	1	0	0	0
1563	0	475	1580	17	494	15	62	1	0	0	0
1563	0	494	1580	17	513	15	62	1	0	0	0
1563	0	513	1580	17	532	15	62	1	0	0	0
1581	0	0	1599	18	22	16	63	1	0	0	0
1581	0	22	1599	18	44	16	63	1	0	0	0
1581	0	44	1599	18	66	16	63	1	0	0	0
1581	0	66	1599	18	88	16	63	1	0	0	0
1581	0	88	1599	18	110	16	63	1	0	0	0
1581	0	110	1599	18	132	16	63	1	0	0	0
1581	0	132	1599	18	154	16	63	1	0	0	0
1581	0	154	1599	18	176	16	63	1	0	0	0
1581	0	176	1599	18	198	16	63	1	0	0	0
1581	0	198	1599	18	220	16	63	1	0	0	0
1581	0	220	1599	18	242	16	63	1	0	0	0
1581	0	242	1599	18	264	16	63	1	0	0	0
1600	0	0	1625	25	10	17	64	1	0	0	0
1600	0	10	1625	25	20	17	64	1	0	0	0
1600	0	20	1625	25	30	17	64	1	0	0	0
1600	0	30	1625	25	40	17	64	1	0	0	0
1600	0	40	1625	25	50	17	64	1	0	0	0
19	2

200	200	150

0	41	0	30	0	39	1	27	160000	4000000	4000000	1300	1	0	Caja Monofasica Distrib 9 Circuitos

1	17	0	17	0	19	1	37	50000	4000000	4000000	1660	1	0	Anticorrosivo Gris Mate

2	3	0	8	0	3	1	66	10000	4000000	4000000	416	1	0	"Adaptador Macho Acomedida Domiciliaria PEAD 1/2"""""

3	12	0	32	0	17	1	68	20000	4000000	4000000	312	1	0	Bota De Seguridad Talla 39

4	58	0	14	0	15	1	55	70000	4000000	4000000	862	1	0	Palín Bananero para Desmachar

5	39	0	59	0	36	1	27	30000	4000000	4000000	91	1	0	"Codo 45° Soldable 1 1/2"""" X 25 un."

6	16	0	16	0	51	1	22	10000	4000000	4000000	195	1	0	Set 50 Esferas Navidad 6 cm Rojo y Verde - easy

7	30	0	31	0	10	1	61	130000	4000000	4000000	1311	1	0	Cerámicas Hidraulico Negro caja por 10 und

8	11	0	11	0	13	1	2	20000	4000000	4000000	1239	1	0	Anticorrosivo Gris 1/4 gal

9	15	0	20	0	5	1	66	10000	4000000	4000000	333	1	0	"Broca Mamposteria Premium 1/4""""X6"""""

10	7	0	20	0	2	1	81	10000	4000000	4000000	71	1	0	Guante De Poliuretano Flex  G40 Talla 10

11	29	0	19	0	19	1	83	30000	4000000	4000000	381	1	0	Pistola Sopladora 550 W 14000 Rpm

12	11	0	11	0	21	1	15	10000	4000000	4000000	247	1	0	Candado laminado, 45mm, gancho corto, blíster

13	43	0	38	0	35	1	7	10000	4000000	4000000	36	1	0	"Pistola De Calafateo 9"""" 1 x 235 mm"

14	20	0	25	0	8	1	90	10000	4000000	4000000	200	1	0	"Llave L. Hex . Corta. 7/16"""""

15	17	0	17	0	19	1	28	60000	4000000	4000000	1937	1	0	Viniltex Advanced Verde Aceituna: 1572

16	18	0	18	0	22	1	84	110000	4000000	4000000	3240	1	0	"Yee Sanitaria Reducida - 3x2"""" x 30 und"

17	25	0	25	0	10	1	5	10000	4000000	4000000	160	1	0	Paño De Limpieza Industrial x 60- 1 Rollo x 300 m

18	11	0	11	0	14	1	5	10000	4000000	4000000	413	1	0	Mapeband Easy Rollo 13cm x 10m

